NAME : sw24978
COMMENT : 24978 locations in Sweden
COMMENT : Derived from National Imagery and Mapping Agency data
TYPE : TSP
DIMENSION : 24978
EDGE_WEIGHT_TYPE : EUC_2D
NODE_COORD_SECTION
1 55333.3333 13316.6667
2 55333.3333 13383.3333
3 55350.0000 13233.3333
4 55350.0000 13300.0000
5 55350.0000 13350.0000
6 55350.0000 13366.6667
7 55350.0000 13416.6667
8 55366.6667 13166.6667
9 55366.6667 13300.0000
10 55366.6667 13333.3333
11 55366.6667 13350.0000
12 55366.6667 13466.6667
13 55375.0000 13083.3333
14 55383.3333 13050.0000
15 55383.3333 13083.3333
16 55383.3333 13183.3333
17 55383.3333 13200.0000
18 55383.3333 13216.6667
19 55383.3333 13250.0000
20 55383.3333 13300.0000
21 55383.3333 13333.3333
22 55383.3333 13383.3333
23 55383.3333 13416.6667
24 55383.3333 13483.3333
25 55383.3333 13550.0000
26 55383.3333 14033.3333
27 55383.3333 14066.6667
28 55383.3333 14133.3333
29 55400.0000 12833.3333
30 55400.0000 12916.6667
31 55400.0000 12966.6667
32 55400.0000 12983.3333
33 55400.0000 13066.6667
34 55400.0000 13100.0000
35 55400.0000 13183.3333
36 55400.0000 13216.6667
37 55400.0000 13250.0000
38 55400.0000 13283.3333
39 55400.0000 13300.0000
40 55400.0000 13366.6667
41 55400.0000 13383.3333
42 55400.0000 13450.0000
43 55400.0000 13600.0000
44 55400.0000 14016.6667
45 55416.6667 12850.0000
46 55416.6667 12950.0000
47 55416.6667 13016.6667
48 55416.6667 13033.3333
49 55416.6667 13083.3333
50 55416.6667 13100.0000
51 55416.6667 13133.3333
52 55416.6667 13150.0000
53 55416.6667 13233.3333
54 55416.6667 13250.0000
55 55416.6667 13366.6667
56 55416.6667 13466.6667
57 55416.6667 13500.0000
58 55416.6667 13533.3333
59 55416.6667 13566.6667
60 55416.6667 13633.3333
61 55416.6667 13716.6667
62 55416.6667 13816.6667
63 55425.0000 12966.6667
64 55433.3333 12950.0000
65 55433.3333 12966.6667
66 55433.3333 13033.3333
67 55433.3333 13066.6667
68 55433.3333 13116.6667
69 55433.3333 13183.3333
70 55433.3333 13233.3333
71 55433.3333 13266.6667
72 55433.3333 13333.3333
73 55433.3333 13350.0000
74 55433.3333 13366.6667
75 55433.3333 13533.3333
76 55433.3333 13616.6667
77 55433.3333 13666.6667
78 55433.3333 13933.3333
79 55433.3333 13966.6667
80 55433.3333 14033.3333
81 55433.3333 14050.0000
82 55433.3333 14116.6667
83 55433.3333 14133.3333
84 55433.3333 14183.3333
85 55433.3333 14233.3333
86 55441.6667 12983.3333
87 55450.0000 13033.3333
88 55450.0000 13066.6667
89 55450.0000 13116.6667
90 55450.0000 13166.6667
91 55450.0000 13183.3333
92 55450.0000 13200.0000
93 55450.0000 13216.6667
94 55450.0000 13316.6667
95 55450.0000 13383.3333
96 55450.0000 13433.3333
97 55450.0000 13483.3333
98 55450.0000 13516.6667
99 55450.0000 13566.6667
100 55450.0000 13616.6667
101 55450.0000 13650.0000
102 55450.0000 13700.0000
103 55450.0000 13800.0000
104 55450.0000 13850.0000
105 55450.0000 14016.6667
106 55450.0000 14050.0000
107 55450.0000 14066.6667
108 55450.0000 14166.6667
109 55450.0000 14250.0000
110 55450.0000 14266.6667
111 55466.6667 13016.6667
112 55466.6667 13050.0000
113 55466.6667 13100.0000
114 55466.6667 13133.3333
115 55466.6667 13216.6667
116 55466.6667 13283.3333
117 55466.6667 13433.3333
118 55466.6667 13466.6667
119 55466.6667 13500.0000
120 55466.6667 13550.0000
121 55466.6667 13583.3333
122 55466.6667 13633.3333
123 55466.6667 13750.0000
124 55466.6667 13816.6667
125 55466.6667 13866.6667
126 55466.6667 13933.3333
127 55466.6667 13950.0000
128 55466.6667 14100.0000
129 55466.6667 14183.3333
130 55466.6667 14250.0000
131 55466.6667 14283.3333
132 55483.3333 13016.6667
133 55483.3333 13050.0000
134 55483.3333 13116.6667
135 55483.3333 13600.0000
136 55483.3333 13650.0000
137 55483.3333 13716.6667
138 55483.3333 13850.0000
139 55483.3333 13916.6667
140 55483.3333 13933.3333
141 55483.3333 14100.0000
142 55483.3333 14150.0000
143 55483.3333 14200.0000
144 55483.3333 14216.6667
145 55483.3333 14233.3333
146 55483.3333 14300.0000
147 55500.0000 12950.0000
148 55500.0000 12958.3333
149 55500.0000 12983.3333
150 55500.0000 13100.0000
151 55500.0000 13150.0000
152 55500.0000 13183.3333
153 55500.0000 13200.0000
154 55500.0000 13233.3333
155 55500.0000 13333.3333
156 55500.0000 13450.0000
157 55500.0000 13516.6667
158 55500.0000 13666.6667
159 55500.0000 13750.0000
160 55500.0000 13783.3333
161 55500.0000 13800.0000
162 55500.0000 13933.3333
163 55500.0000 13950.0000
164 55500.0000 14000.0000
165 55500.0000 14033.3333
166 55500.0000 14150.0000
167 55500.0000 14200.0000
168 55500.0000 14216.6667
169 55500.0000 14250.0000
170 55500.0000 14283.3333
171 55516.6667 13000.0000
172 55516.6667 13083.3333
173 55516.6667 13133.3333
174 55516.6667 13183.3333
175 55516.6667 13550.0000
176 55516.6667 13666.6667
177 55516.6667 13900.0000
178 55516.6667 14000.0000
179 55516.6667 14033.3333
180 55516.6667 14100.0000
181 55516.6667 14233.3333
182 55516.6667 14283.3333
183 55516.6667 14300.0000
184 55516.6667 14350.0000
185 55533.3333 12766.6667
186 55533.3333 12916.6667
187 55533.3333 12966.6667
188 55533.3333 12983.3333
189 55533.3333 13016.6667
190 55533.3333 13033.3333
191 55533.3333 13066.6667
192 55533.3333 13100.0000
193 55533.3333 13116.6667
194 55533.3333 13433.3333
195 55533.3333 13833.3333
196 55533.3333 13983.3333
197 55533.3333 14033.3333
198 55533.3333 14183.3333
199 55533.3333 14233.3333
200 55533.3333 14266.6667
201 55533.3333 14300.0000
202 55533.3333 14333.3333
203 55533.3333 14350.0000
204 55541.6667 12916.6667
205 55550.0000 12966.6667
206 55550.0000 13150.0000
207 55550.0000 13266.6667
208 55550.0000 13850.0000
209 55550.0000 13883.3333
210 55550.0000 13950.0000
211 55550.0000 14033.3333
212 55550.0000 14183.3333
213 55550.0000 14216.6667
214 55550.0000 14250.0000
215 55550.0000 14333.3333
216 55566.6667 12900.0000
217 55566.6667 12916.6667
218 55566.6667 12983.3333
219 55566.6667 13000.0000
220 55566.6667 13016.6667
221 55566.6667 13050.0000
222 55566.6667 13083.3333
223 55566.6667 13100.0000
224 55566.6667 13250.0000
225 55566.6667 13416.6667
226 55566.6667 13516.6667
227 55566.6667 13916.6667
228 55566.6667 13966.6667
229 55566.6667 14000.0000
230 55566.6667 14116.6667
231 55566.6667 14133.3333
232 55566.6667 14216.6667
233 55566.6667 14316.6667
234 55583.3333 12950.0000
235 55583.3333 13000.0000
236 55583.3333 13033.3333
237 55583.3333 13050.0000
238 55583.3333 13066.6667
239 55583.3333 13116.6667
240 55583.3333 13200.0000
241 55583.3333 13233.3333
242 55583.3333 13283.3333
243 55583.3333 13316.6667
244 55583.3333 13483.3333
245 55583.3333 13600.0000
246 55583.3333 13666.6667
247 55583.3333 13833.3333
248 55583.3333 13966.6667
249 55583.3333 14016.6667
250 55583.3333 14116.6667
251 55583.3333 14183.3333
252 55583.3333 14250.0000
253 55583.3333 14266.6667
254 55600.0000 12966.6667
255 55600.0000 12983.3333
256 55600.0000 13000.0000
257 55600.0000 13016.6667
258 55600.0000 13066.6667
259 55600.0000 13083.3333
260 55600.0000 13133.3333
261 55600.0000 13150.0000
262 55600.0000 13183.3333
263 55600.0000 13216.6667
264 55600.0000 13250.0000
265 55600.0000 13333.3333
266 55600.0000 13383.3333
267 55600.0000 13600.0000
268 55600.0000 14033.3333
269 55600.0000 14083.3333
270 55600.0000 14200.0000
271 55600.0000 14300.0000
272 55616.6667 13066.6667
273 55616.6667 13116.6667
274 55616.6667 13150.0000
275 55616.6667 13166.6667
276 55616.6667 13183.3333
277 55616.6667 13200.0000
278 55616.6667 13266.6667
279 55616.6667 13300.0000
280 55616.6667 13400.0000
281 55616.6667 13616.6667
282 55616.6667 13650.0000
283 55616.6667 13850.0000
284 55616.6667 13916.6667
285 55616.6667 13983.3333
286 55616.6667 14150.0000
287 55616.6667 14166.6667
288 55616.6667 14283.3333
289 55633.3333 13066.6667
290 55633.3333 13100.0000
291 55633.3333 13133.3333
292 55633.3333 13150.0000
293 55633.3333 13166.6667
294 55633.3333 13216.6667
295 55633.3333 13266.6667
296 55633.3333 13316.6667
297 55633.3333 13416.6667
298 55633.3333 13483.3333
299 55633.3333 13700.0000
300 55633.3333 13716.6667
301 55633.3333 13766.6667
302 55633.3333 14000.0000
303 55633.3333 14066.6667
304 55633.3333 14100.0000
305 55633.3333 14116.6667
306 55633.3333 14133.3333
307 55633.3333 14183.3333
308 55633.3333 14250.0000
309 55650.0000 13116.6667
310 55650.0000 13133.3333
311 55650.0000 13150.0000
312 55650.0000 13200.0000
313 55650.0000 13216.6667
314 55650.0000 13266.6667
315 55650.0000 13283.3333
316 55650.0000 13333.3333
317 55650.0000 13350.0000
318 55650.0000 13366.6667
319 55650.0000 13633.3333
320 55650.0000 13666.6667
321 55650.0000 13816.6667
322 55650.0000 13883.3333
323 55650.0000 14033.3333
324 55650.0000 14083.3333
325 55650.0000 14166.6667
326 55658.3333 13083.3333
327 55666.6667 13066.6667
328 55666.6667 13083.3333
329 55666.6667 13116.6667
330 55666.6667 13133.3333
331 55666.6667 13150.0000
332 55666.6667 13216.6667
333 55666.6667 13333.3333
334 55666.6667 13416.6667
335 55666.6667 13550.0000
336 55666.6667 13616.6667
337 55666.6667 13733.3333
338 55666.6667 13816.6667
339 55666.6667 13866.6667
340 55666.6667 13950.0000
341 55666.6667 14100.0000
342 55666.6667 14133.3333
343 55666.6667 14183.3333
344 55666.6667 14200.0000
345 55666.6667 14233.3333
346 55666.6667 14266.6667
347 55683.3333 13083.3333
348 55683.3333 13216.6667
349 55683.3333 13316.6667
350 55683.3333 13483.3333
351 55683.3333 13633.3333
352 55683.3333 13650.0000
353 55683.3333 13716.6667
354 55683.3333 13833.3333
355 55683.3333 13983.3333
356 55683.3333 14200.0000
357 55683.3333 14233.3333
358 55683.3333 14250.0000
359 55691.6667 13066.6667
360 55700.0000 13066.6667
361 55700.0000 13133.3333
362 55700.0000 13183.3333
363 55700.0000 13283.3333
364 55700.0000 13316.6667
365 55700.0000 13700.0000
366 55700.0000 13766.6667
367 55700.0000 14000.0000
368 55700.0000 14033.3333
369 55700.0000 14166.6667
370 55700.0000 14200.0000
371 55716.6667 13016.6667
372 55716.6667 13033.3333
373 55716.6667 13066.6667
374 55716.6667 13333.3333
375 55716.6667 13483.3333
376 55716.6667 13533.3333
377 55716.6667 13683.3333
378 55716.6667 13716.6667
379 55716.6667 13733.3333
380 55716.6667 13800.0000
381 55716.6667 13916.6667
382 55716.6667 13983.3333
383 55716.6667 14116.6667
384 55716.6667 14150.0000
385 55725.0000 13066.6667
386 55733.3333 12966.6667
387 55733.3333 13033.3333
388 55733.3333 13100.0000
389 55733.3333 13250.0000
390 55733.3333 13350.0000
391 55733.3333 13383.3333
392 55733.3333 13466.6667
393 55733.3333 13616.6667
394 55733.3333 13683.3333
395 55733.3333 13716.6667
396 55733.3333 13783.3333
397 55733.3333 13850.0000
398 55733.3333 13983.3333
399 55750.0000 12900.0000
400 55750.0000 13000.0000
401 55750.0000 13066.6667
402 55750.0000 13166.6667
403 55750.0000 13250.0000
404 55750.0000 13350.0000
405 55750.0000 13400.0000
406 55750.0000 13433.3333
407 55750.0000 13450.0000
408 55750.0000 13633.3333
409 55750.0000 13716.6667
410 55750.0000 13766.6667
411 55750.0000 13933.3333
412 55750.0000 14066.6667
413 55750.0000 14083.3333
414 55750.0000 14150.0000
415 55750.0000 14183.3333
416 55766.6667 12933.3333
417 55766.6667 12950.0000
418 55766.6667 12983.3333
419 55766.6667 13016.6667
420 55766.6667 13050.0000
421 55766.6667 13066.6667
422 55766.6667 13100.0000
423 55766.6667 13166.6667
424 55766.6667 13233.3333
425 55766.6667 13250.0000
426 55766.6667 13283.3333
427 55766.6667 13300.0000
428 55766.6667 13350.0000
429 55766.6667 13400.0000
430 55766.6667 13583.3333
431 55766.6667 13683.3333
432 55766.6667 13716.6667
433 55766.6667 13750.0000
434 55766.6667 13783.3333
435 55766.6667 13850.0000
436 55766.6667 13900.0000
437 55766.6667 13916.6667
438 55766.6667 13983.3333
439 55766.6667 14050.0000
440 55766.6667 14066.6667
441 55766.6667 14083.3333
442 55766.6667 14150.0000
443 55766.6667 14183.3333
444 55783.3333 12950.0000
445 55783.3333 12966.6667
446 55783.3333 13000.0000
447 55783.3333 13100.0000
448 55783.3333 13166.6667
449 55783.3333 13233.3333
450 55783.3333 13316.6667
451 55783.3333 13416.6667
452 55783.3333 13483.3333
453 55783.3333 13500.0000
454 55783.3333 13533.3333
455 55783.3333 13566.6667
456 55783.3333 13650.0000
457 55783.3333 13716.6667
458 55783.3333 13750.0000
459 55783.3333 13866.6667
460 55783.3333 13883.3333
461 55783.3333 14033.3333
462 55783.3333 14083.3333
463 55783.3333 14100.0000
464 55783.3333 14200.0000
465 55800.0000 13000.0000
466 55800.0000 13016.6667
467 55800.0000 13100.0000
468 55800.0000 13116.6667
469 55800.0000 13150.0000
470 55800.0000 13200.0000
471 55800.0000 13283.3333
472 55800.0000 13333.3333
473 55800.0000 13433.3333
474 55800.0000 13566.6667
475 55800.0000 13716.6667
476 55800.0000 13733.3333
477 55800.0000 13750.0000
478 55800.0000 13783.3333
479 55800.0000 13900.0000
480 55800.0000 13983.3333
481 55800.0000 14033.3333
482 55800.0000 14050.0000
483 55800.0000 14100.0000
484 55800.0000 14150.0000
485 55816.6667 12983.3333
486 55816.6667 13016.6667
487 55816.6667 13033.3333
488 55816.6667 13116.6667
489 55816.6667 13266.6667
490 55816.6667 13383.3333
491 55816.6667 13416.6667
492 55816.6667 13466.6667
493 55816.6667 13483.3333
494 55816.6667 13583.3333
495 55816.6667 13616.6667
496 55816.6667 13633.3333
497 55816.6667 13783.3333
498 55816.6667 13816.6667
499 55816.6667 13866.6667
500 55816.6667 14033.3333
501 55816.6667 14100.0000
502 55816.6667 14116.6667
503 55816.6667 14183.3333
504 55833.3333 12941.6667
505 55833.3333 12966.6667
506 55833.3333 13000.0000
507 55833.3333 13016.6667
508 55833.3333 13050.0000
509 55833.3333 13066.6667
510 55833.3333 13100.0000
511 55833.3333 13183.3333
512 55833.3333 13233.3333
513 55833.3333 13266.6667
514 55833.3333 13316.6667
515 55833.3333 13333.3333
516 55833.3333 13466.6667
517 55833.3333 13533.3333
518 55833.3333 13616.6667
519 55833.3333 13650.0000
520 55833.3333 13666.6667
521 55833.3333 13716.6667
522 55833.3333 13733.3333
523 55833.3333 13800.0000
524 55833.3333 13850.0000
525 55833.3333 13866.6667
526 55833.3333 13900.0000
527 55833.3333 13966.6667
528 55833.3333 14033.3333
529 55833.3333 14050.0000
530 55833.3333 14083.3333
531 55850.0000 12900.0000
532 55850.0000 13050.0000
533 55850.0000 13133.3333
534 55850.0000 13166.6667
535 55850.0000 13233.3333
536 55850.0000 13266.6667
537 55850.0000 13400.0000
538 55850.0000 13600.0000
539 55850.0000 13650.0000
540 55850.0000 13700.0000
541 55850.0000 13733.3333
542 55850.0000 13766.6667
543 55850.0000 13866.6667
544 55850.0000 13933.3333
545 55850.0000 14016.6667
546 55850.0000 14133.3333
547 55850.0000 14216.6667
548 55866.6667 12833.3333
549 55866.6667 12866.6667
550 55866.6667 12916.6667
551 55866.6667 12950.0000
552 55866.6667 12966.6667
553 55866.6667 13033.3333
554 55866.6667 13083.3333
555 55866.6667 13150.0000
556 55866.6667 13300.0000
557 55866.6667 13433.3333
558 55866.6667 13516.6667
559 55866.6667 13616.6667
560 55866.6667 13666.6667
561 55866.6667 13700.0000
562 55866.6667 13716.6667
563 55866.6667 13750.0000
564 55866.6667 13800.0000
565 55866.6667 13816.6667
566 55866.6667 13866.6667
567 55875.0000 12850.0000
568 55883.3333 12816.6667
569 55883.3333 12883.3333
570 55883.3333 12900.0000
571 55883.3333 12933.3333
572 55883.3333 12966.6667
573 55883.3333 13000.0000
574 55883.3333 13033.3333
575 55883.3333 13066.6667
576 55883.3333 13083.3333
577 55883.3333 13150.0000
578 55883.3333 13200.0000
579 55883.3333 13233.3333
580 55883.3333 13266.6667
581 55883.3333 13316.6667
582 55883.3333 13350.0000
583 55883.3333 13583.3333
584 55883.3333 13633.3333
585 55883.3333 13650.0000
586 55883.3333 13716.6667
587 55883.3333 13733.3333
588 55883.3333 13766.6667
589 55883.3333 13783.3333
590 55883.3333 13850.0000
591 55883.3333 13866.6667
592 55883.3333 14016.6667
593 55883.3333 14216.6667
594 55891.6667 12816.6667
595 55891.6667 12858.3333
596 55900.0000 12716.6667
597 55900.0000 12800.0000
598 55900.0000 12850.0000
599 55900.0000 12866.6667
600 55900.0000 12883.3333
601 55900.0000 12900.0000
602 55900.0000 13016.6667
603 55900.0000 13083.3333
604 55900.0000 13133.3333
605 55900.0000 13183.3333
606 55900.0000 13366.6667
607 55900.0000 13383.3333
608 55900.0000 13583.3333
609 55900.0000 13600.0000
610 55900.0000 13683.3333
611 55900.0000 13783.3333
612 55900.0000 13900.0000
613 55900.0000 14100.0000
614 55900.0000 14216.6667
615 55916.6667 12666.6667
616 55916.6667 12683.3333
617 55916.6667 12700.0000
618 55916.6667 12716.6667
619 55916.6667 12816.6667
620 55916.6667 12916.6667
621 55916.6667 13050.0000
622 55916.6667 13100.0000
623 55916.6667 13300.0000
624 55916.6667 13433.3333
625 55916.6667 13466.6667
626 55916.6667 13550.0000
627 55916.6667 13700.0000
628 55916.6667 13733.3333
629 55916.6667 13783.3333
630 55916.6667 13816.6667
631 55916.6667 13833.3333
632 55916.6667 13883.3333
633 55916.6667 13983.3333
634 55916.6667 14233.3333
635 55916.6667 14283.3333
636 55916.6667 14300.0000
637 55925.0000 12800.0000
638 55933.3333 12766.6667
639 55933.3333 12800.0000
640 55933.3333 12833.3333
641 55933.3333 12866.6667
642 55933.3333 12950.0000
643 55933.3333 12983.3333
644 55933.3333 13016.6667
645 55933.3333 13100.0000
646 55933.3333 13333.3333
647 55933.3333 13383.3333
648 55933.3333 13400.0000
649 55933.3333 13450.0000
650 55933.3333 13533.3333
651 55933.3333 13566.6667
652 55933.3333 13650.0000
653 55933.3333 13666.6667
654 55933.3333 13716.6667
655 55933.3333 13783.3333
656 55933.3333 13816.6667
657 55933.3333 13850.0000
658 55933.3333 13883.3333
659 55933.3333 13983.3333
660 55933.3333 14066.6667
661 55933.3333 14116.6667
662 55933.3333 14150.0000
663 55933.3333 14166.6667
664 55933.3333 14300.0000
665 55941.6667 12783.3333
666 55941.6667 12800.0000
667 55950.0000 12750.0000
668 55950.0000 12766.6667
669 55950.0000 12783.3333
670 55950.0000 12816.6667
671 55950.0000 12833.3333
672 55950.0000 12866.6667
673 55950.0000 12900.0000
674 55950.0000 12916.6667
675 55950.0000 12950.0000
676 55950.0000 12983.3333
677 55950.0000 13033.3333
678 55950.0000 13350.0000
679 55950.0000 13366.6667
680 55950.0000 13450.0000
681 55950.0000 13500.0000
682 55950.0000 13516.6667
683 55950.0000 13533.3333
684 55950.0000 13550.0000
685 55950.0000 13700.0000
686 55950.0000 13766.6667
687 55950.0000 13800.0000
688 55950.0000 13850.0000
689 55950.0000 13883.3333
690 55950.0000 13933.3333
691 55950.0000 13966.6667
692 55950.0000 13983.3333
693 55950.0000 14050.0000
694 55950.0000 14150.0000
695 55950.0000 14316.6667
696 55966.6667 12766.6667
697 55966.6667 12833.3333
698 55966.6667 12866.6667
699 55966.6667 12883.3333
700 55966.6667 12916.6667
701 55966.6667 12966.6667
702 55966.6667 13000.0000
703 55966.6667 13100.0000
704 55966.6667 13166.6667
705 55966.6667 13200.0000
706 55966.6667 13250.0000
707 55966.6667 13350.0000
708 55966.6667 13383.3333
709 55966.6667 13416.6667
710 55966.6667 13433.3333
711 55966.6667 13566.6667
712 55966.6667 13633.3333
713 55966.6667 13816.6667
714 55966.6667 13833.3333
715 55966.6667 13883.3333
716 55966.6667 13983.3333
717 55966.6667 14183.3333
718 55966.6667 14266.6667
719 55966.6667 14400.0000
720 55975.0000 12800.0000
721 55983.3333 12775.0000
722 55983.3333 12783.3333
723 55983.3333 12800.0000
724 55983.3333 12833.3333
725 55983.3333 12950.0000
726 55983.3333 12983.3333
727 55983.3333 13200.0000
728 55983.3333 13216.6667
729 55983.3333 13266.6667
730 55983.3333 13516.6667
731 55983.3333 13600.0000
732 55983.3333 13616.6667
733 55983.3333 13666.6667
734 55983.3333 13683.3333
735 55983.3333 13716.6667
736 55983.3333 13816.6667
737 55983.3333 13866.6667
738 55983.3333 13916.6667
739 55983.3333 13983.3333
740 55983.3333 14016.6667
741 55983.3333 14083.3333
742 55983.3333 14150.0000
743 55983.3333 14266.6667
744 55983.3333 14300.0000
745 55983.3333 14383.3333
746 55983.3333 14400.0000
747 56000.0000 12733.3333
748 56000.0000 12766.6667
749 56000.0000 12783.3333
750 56000.0000 12816.6667
751 56000.0000 12950.0000
752 56000.0000 12966.6667
753 56000.0000 13033.3333
754 56000.0000 13216.6667
755 56000.0000 13283.3333
756 56000.0000 13433.3333
757 56000.0000 13516.6667
758 56000.0000 13616.6667
759 56000.0000 13650.0000
760 56000.0000 13783.3333
761 56000.0000 13816.6667
762 56000.0000 13866.6667
763 56000.0000 13883.3333
764 56000.0000 13900.0000
765 56000.0000 13950.0000
766 56000.0000 13966.6667
767 56000.0000 14016.6667
768 56000.0000 14150.0000
769 56000.0000 14216.6667
770 56000.0000 14233.3333
771 56000.0000 14350.0000
772 56000.0000 14433.3333
773 56000.0000 14641.6667
774 56000.0000 14650.0000
775 56000.0000 14666.6667
776 56000.0000 14683.3333
777 56000.0000 14733.3333
778 56008.3333 14433.3333
779 56016.6667 12700.0000
780 56016.6667 12716.6667
781 56016.6667 12800.0000
782 56016.6667 12833.3333
783 56016.6667 12933.3333
784 56016.6667 12983.3333
785 56016.6667 13033.3333
786 56016.6667 13100.0000
787 56016.6667 13266.6667
788 56016.6667 13300.0000
789 56016.6667 13333.3333
790 56016.6667 13350.0000
791 56016.6667 13383.3333
792 56016.6667 13500.0000
793 56016.6667 13566.6667
794 56016.6667 13633.3333
795 56016.6667 13783.3333
796 56016.6667 13883.3333
797 56016.6667 14066.6667
798 56016.6667 14116.6667
799 56016.6667 14150.0000
800 56016.6667 14216.6667
801 56016.6667 14233.3333
802 56016.6667 14250.0000
803 56016.6667 14333.3333
804 56016.6667 14400.0000
805 56016.6667 14583.3333
806 56016.6667 14600.0000
807 56016.6667 14650.0000
808 56016.6667 14666.6667
809 56016.6667 14700.0000
810 56016.6667 14833.3333
811 56016.6667 15783.3333
812 56033.3333 12733.3333
813 56033.3333 12816.6667
814 56033.3333 12900.0000
815 56033.3333 13133.3333
816 56033.3333 13250.0000
817 56033.3333 13333.3333
818 56033.3333 13383.3333
819 56033.3333 13400.0000
820 56033.3333 13416.6667
821 56033.3333 13516.6667
822 56033.3333 13633.3333
823 56033.3333 13666.6667
824 56033.3333 13733.3333
825 56033.3333 13833.3333
826 56033.3333 13883.3333
827 56033.3333 13950.0000
828 56033.3333 14083.3333
829 56033.3333 14133.3333
830 56033.3333 14183.3333
831 56033.3333 14333.3333
832 56033.3333 14566.6667
833 56033.3333 14600.0000
834 56033.3333 14633.3333
835 56033.3333 14666.6667
836 56033.3333 14683.3333
837 56033.3333 14716.6667
838 56033.3333 14766.6667
839 56041.6667 14766.6667
840 56050.0000 12700.0000
841 56050.0000 12833.3333
842 56050.0000 12883.3333
843 56050.0000 12933.3333
844 56050.0000 13000.0000
845 56050.0000 13050.0000
846 56050.0000 13083.3333
847 56050.0000 13200.0000
848 56050.0000 13216.6667
849 56050.0000 13350.0000
850 56050.0000 13416.6667
851 56050.0000 13516.6667
852 56050.0000 13616.6667
853 56050.0000 13666.6667
854 56050.0000 13716.6667
855 56050.0000 13900.0000
856 56050.0000 14016.6667
857 56050.0000 14083.3333
858 56050.0000 14200.0000
859 56050.0000 14283.3333
860 56050.0000 14333.3333
861 56050.0000 14416.6667
862 56050.0000 14450.0000
863 56050.0000 14466.6667
864 56050.0000 14500.0000
865 56050.0000 14516.6667
866 56050.0000 14550.0000
867 56050.0000 14633.3333
868 56050.0000 14650.0000
869 56050.0000 14683.3333
870 56050.0000 14716.6667
871 56050.0000 14750.0000
872 56058.3333 14533.3333
873 56066.6667 12683.3333
874 56066.6667 12700.0000
875 56066.6667 12733.3333
876 56066.6667 12800.0000
877 56066.6667 12850.0000
878 56066.6667 12866.6667
879 56066.6667 12933.3333
880 56066.6667 12950.0000
881 56066.6667 13000.0000
882 56066.6667 13116.6667
883 56066.6667 13150.0000
884 56066.6667 13183.3333
885 56066.6667 13216.6667
886 56066.6667 13250.0000
887 56066.6667 13300.0000
888 56066.6667 13316.6667
889 56066.6667 13383.3333
890 56066.6667 13450.0000
891 56066.6667 13533.3333
892 56066.6667 13650.0000
893 56066.6667 13683.3333
894 56066.6667 13700.0000
895 56066.6667 13716.6667
896 56066.6667 13733.3333
897 56066.6667 13833.3333
898 56066.6667 13866.6667
899 56066.6667 13933.3333
900 56066.6667 13966.6667
901 56066.6667 14000.0000
902 56066.6667 14083.3333
903 56066.6667 14200.0000
904 56066.6667 14333.3333
905 56066.6667 14350.0000
906 56066.6667 14466.6667
907 56066.6667 14566.6667
908 56066.6667 14616.6667
909 56066.6667 14700.0000
910 56066.6667 14716.6667
911 56083.3333 12666.6667
912 56083.3333 12750.0000
913 56083.3333 12766.6667
914 56083.3333 12800.0000
915 56083.3333 12833.3333
916 56083.3333 12900.0000
917 56083.3333 12933.3333
918 56083.3333 12966.6667
919 56083.3333 13333.3333
920 56083.3333 13400.0000
921 56083.3333 13500.0000
922 56083.3333 13583.3333
923 56083.3333 13600.0000
924 56083.3333 13733.3333
925 56083.3333 14516.6667
926 56083.3333 14650.0000
927 56083.3333 14716.6667
928 56083.3333 15700.0000
929 56083.3333 15750.0000
930 56100.0000 12633.3333
931 56100.0000 12641.6667
932 56100.0000 12650.0000
933 56100.0000 12733.3333
934 56100.0000 12800.0000
935 56100.0000 12833.3333
936 56100.0000 12850.0000
937 56100.0000 12883.3333
938 56100.0000 12916.6667
939 56100.0000 13133.3333
940 56100.0000 13150.0000
941 56100.0000 13266.6667
942 56100.0000 13333.3333
943 56100.0000 13466.6667
944 56100.0000 13583.3333
945 56100.0000 13600.0000
946 56100.0000 13666.6667
947 56100.0000 13700.0000
948 56100.0000 13866.6667
949 56100.0000 13916.6667
950 56100.0000 13966.6667
951 56100.0000 14016.6667
952 56100.0000 14083.3333
953 56100.0000 14116.6667
954 56100.0000 14166.6667
955 56100.0000 14250.0000
956 56100.0000 14400.0000
957 56100.0000 14466.6667
958 56100.0000 14516.6667
959 56100.0000 14533.3333
960 56100.0000 14666.6667
961 56100.0000 15450.0000
962 56100.0000 15466.6667
963 56100.0000 15475.0000
964 56100.0000 15525.0000
965 56100.0000 15550.0000
966 56100.0000 15650.0000
967 56100.0000 15683.3333
968 56100.0000 15716.6667
969 56100.0000 15783.3333
970 56100.0000 15791.6667
971 56100.0000 15833.3333
972 56100.0000 15850.0000
973 56108.3333 14633.3333
974 56108.3333 15800.0000
975 56108.3333 15808.3333
976 56116.6667 12600.0000
977 56116.6667 12683.3333
978 56116.6667 12783.3333
979 56116.6667 12866.6667
980 56116.6667 12883.3333
981 56116.6667 12950.0000
982 56116.6667 13050.0000
983 56116.6667 13116.6667
984 56116.6667 13150.0000
985 56116.6667 13166.6667
986 56116.6667 13350.0000
987 56116.6667 13366.6667
988 56116.6667 13500.0000
989 56116.6667 13516.6667
990 56116.6667 13583.3333
991 56116.6667 13616.6667
992 56116.6667 13733.3333
993 56116.6667 13816.6667
994 56116.6667 13866.6667
995 56116.6667 14033.3333
996 56116.6667 14250.0000
997 56116.6667 14350.0000
998 56116.6667 14500.0000
999 56116.6667 14616.6667
1000 56116.6667 14666.6667
1001 56116.6667 14683.3333
1002 56116.6667 14966.6667
1003 56116.6667 14975.0000
1004 56116.6667 15316.6667
1005 56116.6667 15450.0000
1006 56116.6667 15466.6667
1007 56116.6667 15475.0000
1008 56116.6667 15483.3333
1009 56116.6667 15516.6667
1010 56116.6667 15566.6667
1011 56116.6667 15616.6667
1012 56116.6667 15650.0000
1013 56116.6667 15666.6667
1014 56116.6667 15683.3333
1015 56116.6667 15733.3333
1016 56116.6667 15758.3333
1017 56116.6667 15883.3333
1018 56125.0000 12625.0000
1019 56125.0000 14666.6667
1020 56125.0000 15800.0000
1021 56133.3333 12616.6667
1022 56133.3333 12633.3333
1023 56133.3333 12650.0000
1024 56133.3333 12683.3333
1025 56133.3333 12783.3333
1026 56133.3333 12816.6667
1027 56133.3333 12866.6667
1028 56133.3333 12900.0000
1029 56133.3333 12950.0000
1030 56133.3333 12983.3333
1031 56133.3333 13066.6667
1032 56133.3333 13133.3333
1033 56133.3333 13183.3333
1034 56133.3333 13200.0000
1035 56133.3333 13266.6667
1036 56133.3333 13383.3333
1037 56133.3333 13416.6667
1038 56133.3333 13433.3333
1039 56133.3333 13466.6667
1040 56133.3333 13533.3333
1041 56133.3333 13566.6667
1042 56133.3333 13733.3333
1043 56133.3333 13800.0000
1044 56133.3333 13833.3333
1045 56133.3333 13950.0000
1046 56133.3333 13966.6667
1047 56133.3333 14016.6667
1048 56133.3333 14250.0000
1049 56133.3333 14300.0000
1050 56133.3333 14600.0000
1051 56133.3333 14633.3333
1052 56133.3333 14650.0000
1053 56133.3333 14833.3333
1054 56133.3333 14950.0000
1055 56133.3333 14983.3333
1056 56133.3333 15300.0000
1057 56133.3333 15308.3333
1058 56133.3333 15333.3333
1059 56133.3333 15350.0000
1060 56133.3333 15366.6667
1061 56133.3333 15633.3333
1062 56133.3333 15733.3333
1063 56133.3333 15800.0000
1064 56133.3333 15816.6667
1065 56133.3333 15883.3333
1066 56141.6667 15366.6667
1067 56150.0000 12566.6667
1068 56150.0000 12633.3333
1069 56150.0000 12750.0000
1070 56150.0000 12766.6667
1071 56150.0000 12800.0000
1072 56150.0000 12816.6667
1073 56150.0000 12850.0000
1074 56150.0000 12933.3333
1075 56150.0000 12950.0000
1076 56150.0000 12983.3333
1077 56150.0000 13016.6667
1078 56150.0000 13083.3333
1079 56150.0000 13216.6667
1080 56150.0000 13300.0000
1081 56150.0000 13333.3333
1082 56150.0000 13400.0000
1083 56150.0000 13433.3333
1084 56150.0000 13483.3333
1085 56150.0000 13550.0000
1086 56150.0000 13616.6667
1087 56150.0000 13766.6667
1088 56150.0000 13783.3333
1089 56150.0000 13800.0000
1090 56150.0000 13850.0000
1091 56150.0000 13900.0000
1092 56150.0000 14116.6667
1093 56150.0000 14216.6667
1094 56150.0000 14433.3333
1095 56150.0000 14483.3333
1096 56150.0000 14516.6667
1097 56150.0000 14600.0000
1098 56150.0000 14633.3333
1099 56150.0000 14850.0000
1100 56150.0000 14883.3333
1101 56150.0000 14983.3333
1102 56150.0000 15016.6667
1103 56150.0000 15066.6667
1104 56150.0000 15166.6667
1105 56150.0000 15308.3333
1106 56150.0000 15333.3333
1107 56150.0000 15383.3333
1108 56150.0000 15400.0000
1109 56150.0000 15416.6667
1110 56150.0000 15716.6667
1111 56150.0000 15733.3333
1112 56150.0000 15750.0000
1113 56150.0000 15783.3333
1114 56150.0000 15833.3333
1115 56150.0000 15900.0000
1116 56158.3333 14841.6667
1117 56158.3333 15083.3333
1118 56158.3333 15175.0000
1119 56158.3333 15333.3333
1120 56158.3333 15383.3333
1121 56158.3333 15816.6667
1122 56166.6667 12566.6667
1123 56166.6667 12583.3333
1124 56166.6667 12600.0000
1125 56166.6667 12616.6667
1126 56166.6667 12666.6667
1127 56166.6667 12700.0000
1128 56166.6667 12783.3333
1129 56166.6667 12816.6667
1130 56166.6667 12833.3333
1131 56166.6667 12850.0000
1132 56166.6667 12883.3333
1133 56166.6667 12916.6667
1134 56166.6667 13016.6667
1135 56166.6667 13100.0000
1136 56166.6667 13316.6667
1137 56166.6667 13333.3333
1138 56166.6667 13500.0000
1139 56166.6667 13516.6667
1140 56166.6667 13550.0000
1141 56166.6667 13583.3333
1142 56166.6667 13633.3333
1143 56166.6667 13683.3333
1144 56166.6667 13733.3333
1145 56166.6667 13866.6667
1146 56166.6667 13966.6667
1147 56166.6667 14033.3333
1148 56166.6667 14066.6667
1149 56166.6667 14150.0000
1150 56166.6667 14266.6667
1151 56166.6667 14283.3333
1152 56166.6667 14483.3333
1153 56166.6667 14600.0000
1154 56166.6667 14616.6667
1155 56166.6667 14683.3333
1156 56166.6667 14750.0000
1157 56166.6667 14766.6667
1158 56166.6667 14783.3333
1159 56166.6667 14800.0000
1160 56166.6667 14833.3333
1161 56166.6667 14850.0000
1162 56166.6667 14883.3333
1163 56166.6667 14900.0000
1164 56166.6667 14916.6667
1165 56166.6667 14933.3333
1166 56166.6667 14975.0000
1167 56166.6667 15000.0000
1168 56166.6667 15083.3333
1169 56166.6667 15100.0000
1170 56166.6667 15133.3333
1171 56166.6667 15150.0000
1172 56166.6667 15183.3333
1173 56166.6667 15200.0000
1174 56166.6667 15216.6667
1175 56166.6667 15233.3333
1176 56166.6667 15283.3333
1177 56166.6667 15316.6667
1178 56166.6667 15366.6667
1179 56166.6667 15383.3333
1180 56166.6667 15458.3333
1181 56166.6667 15466.6667
1182 56166.6667 15533.3333
1183 56166.6667 15566.6667
1184 56166.6667 15583.3333
1185 56166.6667 15733.3333
1186 56166.6667 15833.3333
1187 56166.6667 15900.0000
1188 56166.6667 15933.3333
1189 56175.0000 14683.3333
1190 56175.0000 14716.6667
1191 56175.0000 14733.3333
1192 56175.0000 14750.0000
1193 56175.0000 14958.3333
1194 56175.0000 15333.3333
1195 56183.3333 12566.6667
1196 56183.3333 12583.3333
1197 56183.3333 12616.6667
1198 56183.3333 12650.0000
1199 56183.3333 12683.3333
1200 56183.3333 12766.6667
1201 56183.3333 12783.3333
1202 56183.3333 12800.0000
1203 56183.3333 12833.3333
1204 56183.3333 12900.0000
1205 56183.3333 12916.6667
1206 56183.3333 13016.6667
1207 56183.3333 13033.3333
1208 56183.3333 13066.6667
1209 56183.3333 13133.3333
1210 56183.3333 13166.6667
1211 56183.3333 13200.0000
1212 56183.3333 13216.6667
1213 56183.3333 13300.0000
1214 56183.3333 13333.3333
1215 56183.3333 13350.0000
1216 56183.3333 13400.0000
1217 56183.3333 13433.3333
1218 56183.3333 13450.0000
1219 56183.3333 13466.6667
1220 56183.3333 13616.6667
1221 56183.3333 13683.3333
1222 56183.3333 13733.3333
1223 56183.3333 13816.6667
1224 56183.3333 13866.6667
1225 56183.3333 13883.3333
1226 56183.3333 13900.0000
1227 56183.3333 14000.0000
1228 56183.3333 14083.3333
1229 56183.3333 14100.0000
1230 56183.3333 14350.0000
1231 56183.3333 14366.6667
1232 56183.3333 14483.3333
1233 56183.3333 14516.6667
1234 56183.3333 14550.0000
1235 56183.3333 14616.6667
1236 56183.3333 14683.3333
1237 56183.3333 14700.0000
1238 56183.3333 14750.0000
1239 56183.3333 14783.3333
1240 56183.3333 14816.6667
1241 56183.3333 14833.3333
1242 56183.3333 14858.3333
1243 56183.3333 14900.0000
1244 56183.3333 14916.6667
1245 56183.3333 14950.0000
1246 56183.3333 15000.0000
1247 56183.3333 15100.0000
1248 56183.3333 15116.6667
1249 56183.3333 15166.6667
1250 56183.3333 15183.3333
1251 56183.3333 15250.0000
1252 56183.3333 15266.6667
1253 56183.3333 15283.3333
1254 56183.3333 15300.0000
1255 56183.3333 15350.0000
1256 56183.3333 15366.6667
1257 56183.3333 15400.0000
1258 56183.3333 15416.6667
1259 56183.3333 15425.0000
1260 56183.3333 15433.3333
1261 56183.3333 15466.6667
1262 56183.3333 15508.3333
1263 56183.3333 15516.6667
1264 56183.3333 15533.3333
1265 56183.3333 15566.6667
1266 56183.3333 15600.0000
1267 56183.3333 15616.6667
1268 56183.3333 15666.6667
1269 56183.3333 15683.3333
1270 56183.3333 15700.0000
1271 56183.3333 15733.3333
1272 56183.3333 15766.6667
1273 56183.3333 15816.6667
1274 56183.3333 15833.3333
1275 56183.3333 15850.0000
1276 56183.3333 15950.0000
1277 56191.6667 14633.3333
1278 56191.6667 15266.6667
1279 56191.6667 15600.0000
1280 56191.6667 15616.6667
1281 56200.0000 12550.0000
1282 56200.0000 12566.6667
1283 56200.0000 12600.0000
1284 56200.0000 12633.3333
1285 56200.0000 12666.6667
1286 56200.0000 12683.3333
1287 56200.0000 12700.0000
1288 56200.0000 12733.3333
1289 56200.0000 12766.6667
1290 56200.0000 12833.3333
1291 56200.0000 12850.0000
1292 56200.0000 12900.0000
1293 56200.0000 12966.6667
1294 56200.0000 12983.3333
1295 56200.0000 13016.6667
1296 56200.0000 13033.3333
1297 56200.0000 13066.6667
1298 56200.0000 13133.3333
1299 56200.0000 13400.0000
1300 56200.0000 13416.6667
1301 56200.0000 13433.3333
1302 56200.0000 13466.6667
1303 56200.0000 13516.6667
1304 56200.0000 13550.0000
1305 56200.0000 13583.3333
1306 56200.0000 13650.0000
1307 56200.0000 13766.6667
1308 56200.0000 13800.0000
1309 56200.0000 13816.6667
1310 56200.0000 13883.3333
1311 56200.0000 13916.6667
1312 56200.0000 14050.0000
1313 56200.0000 14150.0000
1314 56200.0000 14200.0000
1315 56200.0000 14250.0000
1316 56200.0000 14316.6667
1317 56200.0000 14366.6667
1318 56200.0000 14533.3333
1319 56200.0000 14583.3333
1320 56200.0000 14666.6667
1321 56200.0000 14700.0000
1322 56200.0000 14833.3333
1323 56200.0000 14866.6667
1324 56200.0000 14933.3333
1325 56200.0000 14950.0000
1326 56200.0000 14966.6667
1327 56200.0000 15000.0000
1328 56200.0000 15016.6667
1329 56200.0000 15033.3333
1330 56200.0000 15050.0000
1331 56200.0000 15083.3333
1332 56200.0000 15116.6667
1333 56200.0000 15250.0000
1334 56200.0000 15291.6667
1335 56200.0000 15300.0000
1336 56200.0000 15316.6667
1337 56200.0000 15350.0000
1338 56200.0000 15400.0000
1339 56200.0000 15433.3333
1340 56200.0000 15516.6667
1341 56200.0000 15533.3333
1342 56200.0000 15541.6667
1343 56200.0000 15650.0000
1344 56200.0000 15683.3333
1345 56200.0000 15716.6667
1346 56200.0000 15750.0000
1347 56200.0000 15783.3333
1348 56200.0000 15900.0000
1349 56200.0000 15950.0000
1350 56208.3333 15016.6667
1351 56208.3333 15033.3333
1352 56208.3333 15666.6667
1353 56216.6667 12550.0000
1354 56216.6667 12566.6667
1355 56216.6667 12583.3333
1356 56216.6667 12650.0000
1357 56216.6667 12666.6667
1358 56216.6667 12716.6667
1359 56216.6667 12750.0000
1360 56216.6667 12783.3333
1361 56216.6667 12950.0000
1362 56216.6667 13066.6667
1363 56216.6667 13166.6667
1364 56216.6667 13200.0000
1365 56216.6667 13233.3333
1366 56216.6667 13283.3333
1367 56216.6667 13333.3333
1368 56216.6667 13366.6667
1369 56216.6667 13383.3333
1370 56216.6667 13516.6667
1371 56216.6667 13683.3333
1372 56216.6667 13850.0000
1373 56216.6667 13866.6667
1374 56216.6667 13916.6667
1375 56216.6667 13950.0000
1376 56216.6667 14000.0000
1377 56216.6667 14050.0000
1378 56216.6667 14116.6667
1379 56216.6667 14250.0000
1380 56216.6667 14450.0000
1381 56216.6667 14516.6667
1382 56216.6667 14566.6667
1383 56216.6667 14600.0000
1384 56216.6667 14666.6667
1385 56216.6667 14683.3333
1386 56216.6667 14800.0000
1387 56216.6667 14816.6667
1388 56216.6667 14850.0000
1389 56216.6667 14866.6667
1390 56216.6667 15033.3333
1391 56216.6667 15050.0000
1392 56216.6667 15116.6667
1393 56216.6667 15333.3333
1394 56216.6667 15400.0000
1395 56216.6667 15416.6667
1396 56216.6667 15433.3333
1397 56216.6667 15500.0000
1398 56216.6667 15583.3333
1399 56216.6667 15633.3333
1400 56216.6667 15650.0000
1401 56216.6667 15666.6667
1402 56216.6667 15683.3333
1403 56216.6667 15716.6667
1404 56216.6667 15850.0000
1405 56216.6667 15900.0000
1406 56216.6667 15983.3333
1407 56233.0556 16433.0556
1408 56233.3333 12550.0000
1409 56233.3333 12600.0000
1410 56233.3333 12616.6667
1411 56233.3333 12650.0000
1412 56233.3333 12666.6667
1413 56233.3333 12850.0000
1414 56233.3333 12916.6667
1415 56233.3333 13000.0000
1416 56233.3333 13016.6667
1417 56233.3333 13133.3333
1418 56233.3333 13266.6667
1419 56233.3333 13283.3333
1420 56233.3333 13350.0000
1421 56233.3333 13383.3333
1422 56233.3333 13500.0000
1423 56233.3333 13533.3333
1424 56233.3333 13700.0000
1425 56233.3333 14000.0000
1426 56233.3333 14083.3333
1427 56233.3333 14116.6667
1428 56233.3333 14200.0000
1429 56233.3333 14216.6667
1430 56233.3333 14233.3333
1431 56233.3333 14250.0000
1432 56233.3333 14300.0000
1433 56233.3333 14383.3333
1434 56233.3333 14450.0000
1435 56233.3333 14516.6667
1436 56233.3333 14566.6667
1437 56233.3333 14583.3333
1438 56233.3333 14633.3333
1439 56233.3333 14683.3333
1440 56233.3333 14800.0000
1441 56233.3333 14866.6667
1442 56233.3333 14916.6667
1443 56233.3333 15000.0000
1444 56233.3333 15083.3333
1445 56233.3333 15116.6667
1446 56233.3333 15200.0000
1447 56233.3333 15216.6667
1448 56233.3333 15283.3333
1449 56233.3333 15616.6667
1450 56233.3333 15733.3333
1451 56233.3333 15800.0000
1452 56233.3333 15833.3333
1453 56233.3333 15916.6667
1454 56233.3333 16416.6667
1455 56241.6667 12583.3333
1456 56241.6667 12866.6667
1457 56241.6667 16008.3333
1458 56243.6111 12541.9444
1459 56250.0000 12533.3333
1460 56250.0000 12550.0000
1461 56250.0000 12566.6667
1462 56250.0000 12616.6667
1463 56250.0000 12633.3333
1464 56250.0000 12650.0000
1465 56250.0000 12666.6667
1466 56250.0000 12866.6667
1467 56250.0000 12966.6667
1468 56250.0000 13016.6667
1469 56250.0000 13116.6667
1470 56250.0000 13150.0000
1471 56250.0000 13183.3333
1472 56250.0000 13216.6667
1473 56250.0000 13266.6667
1474 56250.0000 13283.3333
1475 56250.0000 13366.6667
1476 56250.0000 13466.6667
1477 56250.0000 13550.0000
1478 56250.0000 13633.3333
1479 56250.0000 13750.0000
1480 56250.0000 13800.0000
1481 56250.0000 13916.6667
1482 56250.0000 13950.0000
1483 56250.0000 13966.6667
1484 56250.0000 14000.0000
1485 56250.0000 14033.3333
1486 56250.0000 14083.3333
1487 56250.0000 14116.6667
1488 56250.0000 14400.0000
1489 56250.0000 14566.6667
1490 56250.0000 14883.3333
1491 56250.0000 14933.3333
1492 56250.0000 14950.0000
1493 56250.0000 15116.6667
1494 56250.0000 15250.0000
1495 56250.0000 15283.3333
1496 56250.0000 15383.3333
1497 56250.0000 15483.3333
1498 56250.0000 15516.6667
1499 56250.0000 15550.0000
1500 56250.0000 15583.3333
1501 56250.0000 15600.0000
1502 56250.0000 15616.6667
1503 56250.0000 15850.0000
1504 56250.0000 15900.0000
1505 56250.0000 15950.0000
1506 56250.0000 16016.6667
1507 56250.0000 16033.3333
1508 56250.0000 16466.6667
1509 56258.3333 12525.0000
1510 56258.3333 16033.3333
1511 56258.3333 16416.6667
1512 56266.6667 12516.6667
1513 56266.6667 12533.3333
1514 56266.6667 12566.6667
1515 56266.6667 12583.3333
1516 56266.6667 12600.0000
1517 56266.6667 12833.3333
1518 56266.6667 12866.6667
1519 56266.6667 12883.3333
1520 56266.6667 12966.6667
1521 56266.6667 13100.0000
1522 56266.6667 13133.3333
1523 56266.6667 13200.0000
1524 56266.6667 13283.3333
1525 56266.6667 13316.6667
1526 56266.6667 13483.3333
1527 56266.6667 13500.0000
1528 56266.6667 13566.6667
1529 56266.6667 13650.0000
1530 56266.6667 13716.6667
1531 56266.6667 13733.3333
1532 56266.6667 13750.0000
1533 56266.6667 13783.3333
1534 56266.6667 13816.6667
1535 56266.6667 13866.6667
1536 56266.6667 13883.3333
1537 56266.6667 13933.3333
1538 56266.6667 14100.0000
1539 56266.6667 14133.3333
1540 56266.6667 14200.0000
1541 56266.6667 14383.3333
1542 56266.6667 14500.0000
1543 56266.6667 14766.6667
1544 56266.6667 14833.3333
1545 56266.6667 14883.3333
1546 56266.6667 14983.3333
1547 56266.6667 15066.6667
1548 56266.6667 15083.3333
1549 56266.6667 15100.0000
1550 56266.6667 15116.6667
1551 56266.6667 15183.3333
1552 56266.6667 15233.3333
1553 56266.6667 15283.3333
1554 56266.6667 15300.0000
1555 56266.6667 15416.6667
1556 56266.6667 15450.0000
1557 56266.6667 15483.3333
1558 56266.6667 15500.0000
1559 56266.6667 15516.6667
1560 56266.6667 15550.0000
1561 56266.6667 15616.6667
1562 56266.6667 15666.6667
1563 56266.6667 15733.3333
1564 56266.6667 15883.3333
1565 56266.6667 15983.3333
1566 56266.6667 16000.0000
1567 56266.6667 16033.3333
1568 56266.6667 16400.0000
1569 56266.6667 16433.3333
1570 56266.6667 16466.6667
1571 56266.6667 16475.0000
1572 56266.6667 16500.0000
1573 56275.0000 12575.0000
1574 56275.0000 12883.3333
1575 56283.0556 16399.7222
1576 56283.3333 12500.0000
1577 56283.3333 12533.3333
1578 56283.3333 12550.0000
1579 56283.3333 12566.6667
1580 56283.3333 12800.0000
1581 56283.3333 12850.0000
1582 56283.3333 12900.0000
1583 56283.3333 12950.0000
1584 56283.3333 13116.6667
1585 56283.3333 13233.3333
1586 56283.3333 13283.3333
1587 56283.3333 13316.6667
1588 56283.3333 13383.3333
1589 56283.3333 13466.6667
1590 56283.3333 13500.0000
1591 56283.3333 13533.3333
1592 56283.3333 13633.3333
1593 56283.3333 13700.0000
1594 56283.3333 13783.3333
1595 56283.3333 13833.3333
1596 56283.3333 13883.3333
1597 56283.3333 13900.0000
1598 56283.3333 13916.6667
1599 56283.3333 14016.6667
1600 56283.3333 14116.6667
1601 56283.3333 14133.3333
1602 56283.3333 14300.0000
1603 56283.3333 14383.3333
1604 56283.3333 14516.6667
1605 56283.3333 14566.6667
1606 56283.3333 14616.6667
1607 56283.3333 14650.0000
1608 56283.3333 14750.0000
1609 56283.3333 15033.3333
1610 56283.3333 15050.0000
1611 56283.3333 15083.3333
1612 56283.3333 15116.6667
1613 56283.3333 15166.6667
1614 56283.3333 15250.0000
1615 56283.3333 15416.6667
1616 56283.3333 15433.3333
1617 56283.3333 15450.0000
1618 56283.3333 15483.3333
1619 56283.3333 15533.3333
1620 56283.3333 15633.3333
1621 56283.3333 15816.6667
1622 56283.3333 15866.6667
1623 56283.3333 16016.6667
1624 56283.3333 16033.3333
1625 56283.3333 16041.6667
1626 56283.3333 16050.0000
1627 56283.3333 16450.0000
1628 56291.6667 12800.0000
1629 56291.6667 12866.6667
1630 56299.7222 16050.0000
1631 56300.0000 12783.3333
1632 56300.0000 12800.0000
1633 56300.0000 12833.3333
1634 56300.0000 12866.6667
1635 56300.0000 12916.6667
1636 56300.0000 13016.6667
1637 56300.0000 13066.6667
1638 56300.0000 13200.0000
1639 56300.0000 13216.6667
1640 56300.0000 13283.3333
1641 56300.0000 13383.3333
1642 56300.0000 13433.3333
1643 56300.0000 13550.0000
1644 56300.0000 13666.6667
1645 56300.0000 13716.6667
1646 56300.0000 13783.3333
1647 56300.0000 13800.0000
1648 56300.0000 13816.6667
1649 56300.0000 13833.3333
1650 56300.0000 13850.0000
1651 56300.0000 13866.6667
1652 56300.0000 13883.3333
1653 56300.0000 13983.3333
1654 56300.0000 14016.6667
1655 56300.0000 14033.3333
1656 56300.0000 14100.0000
1657 56300.0000 14133.3333
1658 56300.0000 14150.0000
1659 56300.0000 14183.3333
1660 56300.0000 14216.6667
1661 56300.0000 14550.0000
1662 56300.0000 14566.6667
1663 56300.0000 14650.0000
1664 56300.0000 14783.3333
1665 56300.0000 14983.3333
1666 56300.0000 15066.6667
1667 56300.0000 15116.6667
1668 56300.0000 15133.3333
1669 56300.0000 15150.0000
1670 56300.0000 15183.3333
1671 56300.0000 15200.0000
1672 56300.0000 15300.0000
1673 56300.0000 15450.0000
1674 56300.0000 15466.6667
1675 56300.0000 15483.3333
1676 56300.0000 15516.6667
1677 56300.0000 15533.3333
1678 56300.0000 15583.3333
1679 56300.0000 15616.6667
1680 56300.0000 15633.3333
1681 56300.0000 15666.6667
1682 56300.0000 15683.3333
1683 56300.0000 15883.3333
1684 56300.0000 15900.0000
1685 56300.0000 15966.6667
1686 56300.0000 16000.0000
1687 56300.0000 16041.6667
1688 56300.0000 16416.6667
1689 56300.0000 16466.6667
1690 56300.0000 16483.3333
1691 56316.6667 12766.6667
1692 56316.6667 12800.0000
1693 56316.6667 12816.6667
1694 56316.6667 12833.3333
1695 56316.6667 12916.6667
1696 56316.6667 13000.0000
1697 56316.6667 13083.3333
1698 56316.6667 13133.3333
1699 56316.6667 13266.6667
1700 56316.6667 13283.3333
1701 56316.6667 13366.6667
1702 56316.6667 13550.0000
1703 56316.6667 13583.3333
1704 56316.6667 13633.3333
1705 56316.6667 13666.6667
1706 56316.6667 13733.3333
1707 56316.6667 13800.0000
1708 56316.6667 13833.3333
1709 56316.6667 13866.6667
1710 56316.6667 13883.3333
1711 56316.6667 13916.6667
1712 56316.6667 13933.3333
1713 56316.6667 14016.6667
1714 56316.6667 14133.3333
1715 56316.6667 14166.6667
1716 56316.6667 14216.6667
1717 56316.6667 14250.0000
1718 56316.6667 14316.6667
1719 56316.6667 14383.3333
1720 56316.6667 14400.0000
1721 56316.6667 14566.6667
1722 56316.6667 14600.0000
1723 56316.6667 14700.0000
1724 56316.6667 14866.6667
1725 56316.6667 14883.3333
1726 56316.6667 14900.0000
1727 56316.6667 15000.0000
1728 56316.6667 15050.0000
1729 56316.6667 15083.3333
1730 56316.6667 15116.6667
1731 56316.6667 15133.3333
1732 56316.6667 15300.0000
1733 56316.6667 15316.6667
1734 56316.6667 15416.6667
1735 56316.6667 15433.3333
1736 56316.6667 15533.3333
1737 56316.6667 15583.3333
1738 56316.6667 15600.0000
1739 56316.6667 15616.6667
1740 56316.6667 15633.3333
1741 56316.6667 15733.3333
1742 56316.6667 15866.6667
1743 56316.6667 15883.3333
1744 56316.6667 15900.0000
1745 56316.6667 15966.6667
1746 56316.6667 16033.3333
1747 56316.6667 16050.0000
1748 56316.6667 16400.0000
1749 56316.6667 16483.3333
1750 56316.6667 16500.0000
1751 56316.6667 16516.6667
1752 56317.7778 12767.2222
1753 56333.3333 12750.0000
1754 56333.3333 12783.3333
1755 56333.3333 12816.6667
1756 56333.3333 12833.3333
1757 56333.3333 12883.3333
1758 56333.3333 12933.3333
1759 56333.3333 12966.6667
1760 56333.3333 13066.6667
1761 56333.3333 13150.0000
1762 56333.3333 13216.6667
1763 56333.3333 13233.3333
1764 56333.3333 13283.3333
1765 56333.3333 13300.0000
1766 56333.3333 13333.3333
1767 56333.3333 13433.3333
1768 56333.3333 13466.6667
1769 56333.3333 13550.0000
1770 56333.3333 13616.6667
1771 56333.3333 13666.6667
1772 56333.3333 13700.0000
1773 56333.3333 13733.3333
1774 56333.3333 13900.0000
1775 56333.3333 13983.3333
1776 56333.3333 14000.0000
1777 56333.3333 14050.0000
1778 56333.3333 14066.6667
1779 56333.3333 14116.6667
1780 56333.3333 14133.3333
1781 56333.3333 14183.3333
1782 56333.3333 14200.0000
1783 56333.3333 14300.0000
1784 56333.3333 14333.3333
1785 56333.3333 14533.3333
1786 56333.3333 14566.6667
1787 56333.3333 14583.3333
1788 56333.3333 14633.3333
1789 56333.3333 14650.0000
1790 56333.3333 14700.0000
1791 56333.3333 14800.0000
1792 56333.3333 14883.3333
1793 56333.3333 15016.6667
1794 56333.3333 15066.6667
1795 56333.3333 15166.6667
1796 56333.3333 15183.3333
1797 56333.3333 15200.0000
1798 56333.3333 15283.3333
1799 56333.3333 15383.3333
1800 56333.3333 15416.6667
1801 56333.3333 15433.3333
1802 56333.3333 15516.6667
1803 56333.3333 15533.3333
1804 56333.3333 15583.3333
1805 56333.3333 15600.0000
1806 56333.3333 15633.3333
1807 56333.3333 15650.0000
1808 56333.3333 15666.6667
1809 56333.3333 15700.0000
1810 56333.3333 15733.3333
1811 56333.3333 15850.0000
1812 56333.3333 15883.3333
1813 56333.3333 15916.6667
1814 56333.3333 15966.6667
1815 56333.3333 16050.0000
1816 56333.3333 16516.6667
1817 56341.6667 12750.0000
1818 56350.0000 12733.3333
1819 56350.0000 12750.0000
1820 56350.0000 12783.3333
1821 56350.0000 12800.0000
1822 56350.0000 12816.6667
1823 56350.0000 12850.0000
1824 56350.0000 12866.6667
1825 56350.0000 12933.3333
1826 56350.0000 13116.6667
1827 56350.0000 13200.0000
1828 56350.0000 13250.0000
1829 56350.0000 13266.6667
1830 56350.0000 13350.0000
1831 56350.0000 13366.6667
1832 56350.0000 13400.0000
1833 56350.0000 13450.0000
1834 56350.0000 13516.6667
1835 56350.0000 13550.0000
1836 56350.0000 13583.3333
1837 56350.0000 13683.3333
1838 56350.0000 13700.0000
1839 56350.0000 13733.3333
1840 56350.0000 13750.0000
1841 56350.0000 13766.6667
1842 56350.0000 13800.0000
1843 56350.0000 13816.6667
1844 56350.0000 13850.0000
1845 56350.0000 13883.3333
1846 56350.0000 13933.3333
1847 56350.0000 13966.6667
1848 56350.0000 14000.0000
1849 56350.0000 14133.3333
1850 56350.0000 14200.0000
1851 56350.0000 14316.6667
1852 56350.0000 14466.6667
1853 56350.0000 14500.0000
1854 56350.0000 14566.6667
1855 56350.0000 14583.3333
1856 56350.0000 14650.0000
1857 56350.0000 14733.3333
1858 56350.0000 14866.6667
1859 56350.0000 14900.0000
1860 56350.0000 15133.3333
1861 56350.0000 15166.6667
1862 56350.0000 15216.6667
1863 56350.0000 15533.3333
1864 56350.0000 15600.0000
1865 56350.0000 15633.3333
1866 56350.0000 15650.0000
1867 56350.0000 15866.6667
1868 56350.0000 15883.3333
1869 56350.0000 16000.0000
1870 56350.0000 16050.0000
1871 56350.0000 16400.0000
1872 56350.0000 16416.6667
1873 56350.0000 16500.0000
1874 56350.0000 16533.3333
1875 56366.6667 12683.3333
1876 56366.6667 12733.3333
1877 56366.6667 12766.6667
1878 56366.6667 12800.0000
1879 56366.6667 12816.6667
1880 56366.6667 12833.3333
1881 56366.6667 12900.0000
1882 56366.6667 12983.3333
1883 56366.6667 13116.6667
1884 56366.6667 13150.0000
1885 56366.6667 13166.6667
1886 56366.6667 13200.0000
1887 56366.6667 13216.6667
1888 56366.6667 13233.3333
1889 56366.6667 13283.3333
1890 56366.6667 13300.0000
1891 56366.6667 13383.3333
1892 56366.6667 13416.6667
1893 56366.6667 13483.3333
1894 56366.6667 13600.0000
1895 56366.6667 13633.3333
1896 56366.6667 13650.0000
1897 56366.6667 13700.0000
1898 56366.6667 13783.3333
1899 56366.6667 13800.0000
1900 56366.6667 13816.6667
1901 56366.6667 13866.6667
1902 56366.6667 13933.3333
1903 56366.6667 13966.6667
1904 56366.6667 13983.3333
1905 56366.6667 14000.0000
1906 56366.6667 14016.6667
1907 56366.6667 14150.0000
1908 56366.6667 14183.3333
1909 56366.6667 14300.0000
1910 56366.6667 14350.0000
1911 56366.6667 14366.6667
1912 56366.6667 14566.6667
1913 56366.6667 14583.3333
1914 56366.6667 14666.6667
1915 56366.6667 14683.3333
1916 56366.6667 14733.3333
1917 56366.6667 14800.0000
1918 56366.6667 14966.6667
1919 56366.6667 15016.6667
1920 56366.6667 15083.3333
1921 56366.6667 15133.3333
1922 56366.6667 15200.0000
1923 56366.6667 15233.3333
1924 56366.6667 15416.6667
1925 56366.6667 15433.3333
1926 56366.6667 15516.6667
1927 56366.6667 15533.3333
1928 56366.6667 15566.6667
1929 56366.6667 15583.3333
1930 56366.6667 15666.6667
1931 56366.6667 15816.6667
1932 56366.6667 15950.0000
1933 56366.6667 15966.6667
1934 56366.6667 15983.0556
1935 56366.6667 15983.3333
1936 56366.6667 16066.6667
1937 56366.6667 16083.3333
1938 56366.6667 16400.0000
1939 56366.6667 16416.6667
1940 56366.6667 16433.3333
1941 56366.6667 16533.3333
1942 56375.0000 12775.0000
1943 56383.3333 12650.0000
1944 56383.3333 12666.6667
1945 56383.3333 12716.6667
1946 56383.3333 12733.3333
1947 56383.3333 12750.0000
1948 56383.3333 12766.6667
1949 56383.3333 12800.0000
1950 56383.3333 12816.6667
1951 56383.3333 12900.0000
1952 56383.3333 13083.3333
1953 56383.3333 13133.3333
1954 56383.3333 13233.3333
1955 56383.3333 13250.0000
1956 56383.3333 13350.0000
1957 56383.3333 13383.3333
1958 56383.3333 13450.0000
1959 56383.3333 13466.6667
1960 56383.3333 13483.3333
1961 56383.3333 13500.0000
1962 56383.3333 13550.0000
1963 56383.3333 13583.3333
1964 56383.3333 13700.0000
1965 56383.3333 13800.0000
1966 56383.3333 13933.3333
1967 56383.3333 14033.3333
1968 56383.3333 14066.6667
1969 56383.3333 14116.6667
1970 56383.3333 14166.6667
1971 56383.3333 14200.0000
1972 56383.3333 14316.6667
1973 56383.3333 14583.3333
1974 56383.3333 14616.6667
1975 56383.3333 14633.3333
1976 56383.3333 14650.0000
1977 56383.3333 14733.3333
1978 56383.3333 14866.6667
1979 56383.3333 15016.6667
1980 56383.3333 15083.3333
1981 56383.3333 15100.0000
1982 56383.3333 15133.3333
1983 56383.3333 15166.6667
1984 56383.3333 15200.0000
1985 56383.3333 15216.6667
1986 56383.3333 15250.0000
1987 56383.3333 15266.6667
1988 56383.3333 15283.3333
1989 56383.3333 15316.6667
1990 56383.3333 15366.6667
1991 56383.3333 15450.0000
1992 56383.3333 15466.6667
1993 56383.3333 15483.3333
1994 56383.3333 15550.0000
1995 56383.3333 15600.0000
1996 56383.3333 15633.3333
1997 56383.3333 15650.0000
1998 56383.3333 15666.6667
1999 56383.3333 15683.3333
2000 56383.3333 15800.0000
2001 56383.3333 15816.6667
2002 56383.3333 15900.0000
2003 56383.3333 15966.6667
2004 56383.3333 16066.6667
2005 56383.3333 16083.3333
2006 56383.3333 16433.3333
2007 56383.3333 16533.3333
2008 56391.6667 12783.3333
2009 56399.7222 16416.6667
2010 56399.7222 16433.3333
2011 56400.0000 12633.3333
2012 56400.0000 12666.6667
2013 56400.0000 12683.3333
2014 56400.0000 12700.0000
2015 56400.0000 12716.6667
2016 56400.0000 12733.3333
2017 56400.0000 12766.6667
2018 56400.0000 12783.3333
2019 56400.0000 12833.3333
2020 56400.0000 12850.0000
2021 56400.0000 12933.3333
2022 56400.0000 12950.0000
2023 56400.0000 13016.6667
2024 56400.0000 13050.0000
2025 56400.0000 13066.6667
2026 56400.0000 13100.0000
2027 56400.0000 13216.6667
2028 56400.0000 13250.0000
2029 56400.0000 13266.6667
2030 56400.0000 13316.6667
2031 56400.0000 13333.3333
2032 56400.0000 13400.0000
2033 56400.0000 13450.0000
2034 56400.0000 13466.6667
2035 56400.0000 13516.6667
2036 56400.0000 13600.0000
2037 56400.0000 13650.0000
2038 56400.0000 13666.6667
2039 56400.0000 13783.3333
2040 56400.0000 13816.6667
2041 56400.0000 13833.3333
2042 56400.0000 13916.6667
2043 56400.0000 13950.0000
2044 56400.0000 13966.6667
2045 56400.0000 14066.6667
2046 56400.0000 14283.3333
2047 56400.0000 14300.0000
2048 56400.0000 14316.6667
2049 56400.0000 14333.3333
2050 56400.0000 14383.3333
2051 56400.0000 14450.0000
2052 56400.0000 14566.6667
2053 56400.0000 14616.6667
2054 56400.0000 14716.6667
2055 56400.0000 14883.3333
2056 56400.0000 14900.0000
2057 56400.0000 15033.3333
2058 56400.0000 15083.3333
2059 56400.0000 15283.3333
2060 56400.0000 15300.0000
2061 56400.0000 15333.3333
2062 56400.0000 15350.0000
2063 56400.0000 15383.3333
2064 56400.0000 15450.0000
2065 56400.0000 15466.6667
2066 56400.0000 15500.0000
2067 56400.0000 15533.3333
2068 56400.0000 15550.0000
2069 56400.0000 15583.3333
2070 56400.0000 15616.6667
2071 56400.0000 15650.0000
2072 56400.0000 15700.0000
2073 56400.0000 15716.6667
2074 56400.0000 15833.3333
2075 56400.0000 15850.0000
2076 56400.0000 15883.3333
2077 56400.0000 16000.0000
2078 56400.0000 16066.6667
2079 56400.0000 16083.0556
2080 56400.0000 16100.0000
2081 56400.0000 16400.0000
2082 56400.0000 16433.3333
2083 56400.0000 16533.3333
2084 56408.3333 12666.6667
2085 56408.3333 12816.6667
2086 56416.6667 12666.6667
2087 56416.6667 12700.0000
2088 56416.6667 12750.0000
2089 56416.6667 12816.6667
2090 56416.6667 12866.6667
2091 56416.6667 12883.3333
2092 56416.6667 12933.3333
2093 56416.6667 12950.0000
2094 56416.6667 13000.0000
2095 56416.6667 13150.0000
2096 56416.6667 13183.3333
2097 56416.6667 13200.0000
2098 56416.6667 13216.6667
2099 56416.6667 13233.3333
2100 56416.6667 13250.0000
2101 56416.6667 13366.6667
2102 56416.6667 13450.0000
2103 56416.6667 13533.3333
2104 56416.6667 13683.3333
2105 56416.6667 13716.6667
2106 56416.6667 13766.6667
2107 56416.6667 13816.6667
2108 56416.6667 13833.3333
2109 56416.6667 13850.0000
2110 56416.6667 13933.3333
2111 56416.6667 14033.3333
2112 56416.6667 14050.0000
2113 56416.6667 14116.6667
2114 56416.6667 14166.6667
2115 56416.6667 14316.6667
2116 56416.6667 14350.0000
2117 56416.6667 14566.6667
2118 56416.6667 14583.3333
2119 56416.6667 14650.0000
2120 56416.6667 14716.6667
2121 56416.6667 15000.0000
2122 56416.6667 15050.0000
2123 56416.6667 15083.3333
2124 56416.6667 15116.6667
2125 56416.6667 15183.3333
2126 56416.6667 15250.0000
2127 56416.6667 15533.3333
2128 56416.6667 15550.0000
2129 56416.6667 15583.3333
2130 56416.6667 15783.3333
2131 56416.6667 15833.3333
2132 56416.6667 15866.6667
2133 56416.6667 15900.0000
2134 56416.6667 16016.6667
2135 56416.6667 16066.6667
2136 56416.6667 16100.0000
2137 56416.6667 16433.3333
2138 56416.6667 16550.0000
2139 56425.0000 12633.3333
2140 56425.0000 12650.0000
2141 56425.0000 12900.0000
2142 56425.0000 16108.3333
2143 56432.2222 12833.3333
2144 56433.0556 16116.6667
2145 56433.3333 12050.0000
2146 56433.3333 12583.3333
2147 56433.3333 12666.6667
2148 56433.3333 12683.3333
2149 56433.3333 12700.0000
2150 56433.3333 12716.6667
2151 56433.3333 12733.3333
2152 56433.3333 12750.0000
2153 56433.3333 12766.6667
2154 56433.3333 12791.6667
2155 56433.3333 12800.0000
2156 56433.3333 12850.0000
2157 56433.3333 12916.6667
2158 56433.3333 12933.3333
2159 56433.3333 13033.3333
2160 56433.3333 13050.0000
2161 56433.3333 13100.0000
2162 56433.3333 13216.6667
2163 56433.3333 13233.3333
2164 56433.3333 13300.0000
2165 56433.3333 13333.3333
2166 56433.3333 13350.0000
2167 56433.3333 13383.3333
2168 56433.3333 13400.0000
2169 56433.3333 13433.3333
2170 56433.3333 13450.0000
2171 56433.3333 13533.3333
2172 56433.3333 13566.6667
2173 56433.3333 13583.3333
2174 56433.3333 13600.0000
2175 56433.3333 13666.6667
2176 56433.3333 13700.0000
2177 56433.3333 13750.0000
2178 56433.3333 13783.3333
2179 56433.3333 13883.3333
2180 56433.3333 13983.3333
2181 56433.3333 14033.3333
2182 56433.3333 14066.6667
2183 56433.3333 14183.3333
2184 56433.3333 14200.0000
2185 56433.3333 14233.3333
2186 56433.3333 14283.3333
2187 56433.3333 14416.6667
2188 56433.3333 14516.6667
2189 56433.3333 14633.3333
2190 56433.3333 14700.0000
2191 56433.3333 14766.6667
2192 56433.3333 14800.0000
2193 56433.3333 14900.0000
2194 56433.3333 15033.3333
2195 56433.3333 15116.6667
2196 56433.3333 15233.3333
2197 56433.3333 15283.3333
2198 56433.3333 15350.0000
2199 56433.3333 15400.0000
2200 56433.3333 15466.6667
2201 56433.3333 15500.0000
2202 56433.3333 15533.3333
2203 56433.3333 15616.6667
2204 56433.3333 15766.6667
2205 56433.3333 15833.3333
2206 56433.3333 15850.0000
2207 56433.3333 15983.3333
2208 56433.3333 16033.3333
2209 56433.3333 16116.6667
2210 56433.3333 16416.6667
2211 56450.0000 12683.3333
2212 56450.0000 12700.0000
2213 56450.0000 12716.6667
2214 56450.0000 12733.3333
2215 56450.0000 12750.0000
2216 56450.0000 12766.6667
2217 56450.0000 12916.6667
2218 56450.0000 12933.3333
2219 56450.0000 12950.0000
2220 56450.0000 12966.6667
2221 56450.0000 13000.0000
2222 56450.0000 13066.6667
2223 56450.0000 13116.6667
2224 56450.0000 13166.6667
2225 56450.0000 13300.0000
2226 56450.0000 13400.0000
2227 56450.0000 13416.6667
2228 56450.0000 13450.0000
2229 56450.0000 13483.3333
2230 56450.0000 13500.0000
2231 56450.0000 13600.0000
2232 56450.0000 13666.6667
2233 56450.0000 13716.6667
2234 56450.0000 13733.3333
2235 56450.0000 13933.3333
2236 56450.0000 13966.6667
2237 56450.0000 14050.0000
2238 56450.0000 14100.0000
2239 56450.0000 14133.3333
2240 56450.0000 14183.3333
2241 56450.0000 14266.6667
2242 56450.0000 14433.3333
2243 56450.0000 14550.0000
2244 56450.0000 14716.6667
2245 56450.0000 14733.3333
2246 56450.0000 15083.3333
2247 56450.0000 15150.0000
2248 56450.0000 15166.6667
2249 56450.0000 15250.0000
2250 56450.0000 15266.6667
2251 56450.0000 15300.0000
2252 56450.0000 15400.0000
2253 56450.0000 15450.0000
2254 56450.0000 15516.6667
2255 56450.0000 15600.0000
2256 56450.0000 15700.0000
2257 56450.0000 15766.6667
2258 56450.0000 15800.0000
2259 56450.0000 15816.6667
2260 56450.0000 15866.6667
2261 56450.0000 15883.3333
2262 56450.0000 15983.3333
2263 56450.0000 16050.0000
2264 56450.0000 16066.6667
2265 56450.0000 16116.6667
2266 56450.0000 16566.6667
2267 56458.3333 12700.0000
2268 56466.6667 12700.0000
2269 56466.6667 12750.0000
2270 56466.6667 12916.6667
2271 56466.6667 12933.3333
2272 56466.6667 13016.6667
2273 56466.6667 13083.3333
2274 56466.6667 13116.6667
2275 56466.6667 13233.3333
2276 56466.6667 13300.0000
2277 56466.6667 13416.6667
2278 56466.6667 13483.3333
2279 56466.6667 13533.3333
2280 56466.6667 13550.0000
2281 56466.6667 13633.3333
2282 56466.6667 13650.0000
2283 56466.6667 13666.6667
2284 56466.6667 13783.3333
2285 56466.6667 13816.6667
2286 56466.6667 13833.3333
2287 56466.6667 13850.0000
2288 56466.6667 13883.3333
2289 56466.6667 13933.3333
2290 56466.6667 13966.6667
2291 56466.6667 14066.6667
2292 56466.6667 14083.3333
2293 56466.6667 14100.0000
2294 56466.6667 14150.0000
2295 56466.6667 14200.0000
2296 56466.6667 14266.6667
2297 56466.6667 14500.0000
2298 56466.6667 14616.6667
2299 56466.6667 14683.3333
2300 56466.6667 14716.6667
2301 56466.6667 14816.6667
2302 56466.6667 14900.0000
2303 56466.6667 15016.6667
2304 56466.6667 15150.0000
2305 56466.6667 15316.6667
2306 56466.6667 15350.0000
2307 56466.6667 15383.3333
2308 56466.6667 15416.6667
2309 56466.6667 15450.0000
2310 56466.6667 15483.3333
2311 56466.6667 15533.3333
2312 56466.6667 15583.3333
2313 56466.6667 15650.0000
2314 56466.6667 15783.3333
2315 56466.6667 15800.0000
2316 56466.6667 15816.6667
2317 56466.6667 15866.6667
2318 56466.6667 15983.3333
2319 56466.6667 16000.0000
2320 56466.6667 16016.6667
2321 56466.6667 16083.3333
2322 56466.6667 16116.6667
2323 56466.6667 16375.0000
2324 56466.6667 16433.3333
2325 56466.6667 16450.0000
2326 56466.6667 16566.6667
2327 56483.3333 12933.3333
2328 56483.3333 12950.0000
2329 56483.3333 12966.6667
2330 56483.3333 13033.3333
2331 56483.3333 13066.6667
2332 56483.3333 13083.3333
2333 56483.3333 13116.6667
2334 56483.3333 13150.0000
2335 56483.3333 13166.6667
2336 56483.3333 13233.3333
2337 56483.3333 13250.0000
2338 56483.3333 13266.6667
2339 56483.3333 13416.6667
2340 56483.3333 13500.0000
2341 56483.3333 13516.6667
2342 56483.3333 13550.0000
2343 56483.3333 13583.3333
2344 56483.3333 13650.0000
2345 56483.3333 13800.0000
2346 56483.3333 13850.0000
2347 56483.3333 13866.6667
2348 56483.3333 13900.0000
2349 56483.3333 13933.3333
2350 56483.3333 14033.3333
2351 56483.3333 14050.0000
2352 56483.3333 14150.0000
2353 56483.3333 14200.0000
2354 56483.3333 14316.6667
2355 56483.3333 14500.0000
2356 56483.3333 14583.3333
2357 56483.3333 14683.3333
2358 56483.3333 14933.3333
2359 56483.3333 15000.0000
2360 56483.3333 15216.6667
2361 56483.3333 15300.0000
2362 56483.3333 15333.3333
2363 56483.3333 15383.3333
2364 56483.3333 15433.3333
2365 56483.3333 15566.6667
2366 56483.3333 15583.3333
2367 56483.3333 15600.0000
2368 56483.3333 15616.6667
2369 56483.3333 15633.3333
2370 56483.3333 15650.0000
2371 56483.3333 15683.3333
2372 56483.3333 15733.3333
2373 56483.3333 15750.0000
2374 56483.3333 15766.6667
2375 56483.3333 15783.3333
2376 56483.3333 15833.3333
2377 56483.3333 15866.6667
2378 56483.3333 16000.0000
2379 56483.3333 16050.0000
2380 56483.3333 16150.0000
2381 56483.3333 16366.6667
2382 56483.3333 16383.3333
2383 56483.3333 16416.6667
2384 56483.3333 16533.3333
2385 56483.3333 16566.6667
2386 56491.6667 12941.6667
2387 56500.0000 12966.6667
2388 56500.0000 12983.3333
2389 56500.0000 13033.3333
2390 56500.0000 13066.6667
2391 56500.0000 13100.0000
2392 56500.0000 13116.6667
2393 56500.0000 13250.0000
2394 56500.0000 13533.3333
2395 56500.0000 13550.0000
2396 56500.0000 13583.3333
2397 56500.0000 13633.3333
2398 56500.0000 13650.0000
2399 56500.0000 13666.6667
2400 56500.0000 13733.3333
2401 56500.0000 13800.0000
2402 56500.0000 13883.3333
2403 56500.0000 13900.0000
2404 56500.0000 13983.3333
2405 56500.0000 14100.0000
2406 56500.0000 14133.3333
2407 56500.0000 14283.3333
2408 56500.0000 14350.0000
2409 56500.0000 14600.0000
2410 56500.0000 14683.3333
2411 56500.0000 14750.0000
2412 56500.0000 14783.3333
2413 56500.0000 14800.0000
2414 56500.0000 14833.3333
2415 56500.0000 14900.0000
2416 56500.0000 15050.0000
2417 56500.0000 15116.6667
2418 56500.0000 15150.0000
2419 56500.0000 15216.6667
2420 56500.0000 15283.3333
2421 56500.0000 15300.0000
2422 56500.0000 15416.6667
2423 56500.0000 15466.6667
2424 56500.0000 15516.6667
2425 56500.0000 15550.0000
2426 56500.0000 15566.6667
2427 56500.0000 15600.0000
2428 56500.0000 15616.6667
2429 56500.0000 15633.3333
2430 56500.0000 15666.6667
2431 56500.0000 15700.0000
2432 56500.0000 15816.6667
2433 56500.0000 15833.3333
2434 56500.0000 15900.0000
2435 56500.0000 15983.3333
2436 56500.0000 16016.6667
2437 56500.0000 16033.3333
2438 56500.0000 16100.0000
2439 56500.0000 16166.6667
2440 56500.0000 16183.3333
2441 56500.0000 16416.6667
2442 56500.0000 16433.3333
2443 56500.0000 16566.6667
2444 56500.0000 16583.3333
2445 56516.6667 12933.3333
2446 56516.6667 12950.0000
2447 56516.6667 12958.3333
2448 56516.6667 13016.6667
2449 56516.6667 13033.3333
2450 56516.6667 13050.0000
2451 56516.6667 13150.0000
2452 56516.6667 13300.0000
2453 56516.6667 13333.3333
2454 56516.6667 13450.0000
2455 56516.6667 13466.6667
2456 56516.6667 13583.3333
2457 56516.6667 13600.0000
2458 56516.6667 13633.3333
2459 56516.6667 13683.3333
2460 56516.6667 13700.0000
2461 56516.6667 13766.6667
2462 56516.6667 13833.3333
2463 56516.6667 13850.0000
2464 56516.6667 13900.0000
2465 56516.6667 13933.3333
2466 56516.6667 13966.6667
2467 56516.6667 14033.3333
2468 56516.6667 14100.0000
2469 56516.6667 14150.0000
2470 56516.6667 14166.6667
2471 56516.6667 14200.0000
2472 56516.6667 14450.0000
2473 56516.6667 14666.6667
2474 56516.6667 14833.3333
2475 56516.6667 15033.3333
2476 56516.6667 15066.6667
2477 56516.6667 15150.0000
2478 56516.6667 15166.6667
2479 56516.6667 15300.0000
2480 56516.6667 15316.6667
2481 56516.6667 15366.6667
2482 56516.6667 15383.3333
2483 56516.6667 15450.0000
2484 56516.6667 15466.6667
2485 56516.6667 15500.0000
2486 56516.6667 15566.6667
2487 56516.6667 15600.0000
2488 56516.6667 15616.6667
2489 56516.6667 15650.0000
2490 56516.6667 15666.6667
2491 56516.6667 15700.0000
2492 56516.6667 15733.3333
2493 56516.6667 15816.6667
2494 56516.6667 16050.0000
2495 56516.6667 16100.0000
2496 56516.6667 16116.6667
2497 56516.6667 16133.3333
2498 56516.6667 16183.3333
2499 56516.6667 16383.3333
2500 56516.6667 16433.3333
2501 56516.6667 16583.3333
2502 56516.6667 16600.0000
2503 56533.0556 16150.0000
2504 56533.3333 12983.3333
2505 56533.3333 13000.0000
2506 56533.3333 13033.3333
2507 56533.3333 13083.3333
2508 56533.3333 13133.3333
2509 56533.3333 13183.3333
2510 56533.3333 13233.3333
2511 56533.3333 13250.0000
2512 56533.3333 13316.6667
2513 56533.3333 13333.3333
2514 56533.3333 13366.6667
2515 56533.3333 13433.3333
2516 56533.3333 13483.3333
2517 56533.3333 13516.6667
2518 56533.3333 13533.3333
2519 56533.3333 13566.6667
2520 56533.3333 13600.0000
2521 56533.3333 13616.6667
2522 56533.3333 13716.6667
2523 56533.3333 13800.0000
2524 56533.3333 13866.6667
2525 56533.3333 13916.6667
2526 56533.3333 13966.6667
2527 56533.3333 14016.6667
2528 56533.3333 14366.6667
2529 56533.3333 14416.6667
2530 56533.3333 14433.3333
2531 56533.3333 14450.0000
2532 56533.3333 14516.6667
2533 56533.3333 14716.6667
2534 56533.3333 14733.3333
2535 56533.3333 14766.6667
2536 56533.3333 14783.3333
2537 56533.3333 14816.6667
2538 56533.3333 14833.3333
2539 56533.3333 14850.0000
2540 56533.3333 14900.0000
2541 56533.3333 14916.6667
2542 56533.3333 14933.3333
2543 56533.3333 14983.3333
2544 56533.3333 15050.0000
2545 56533.3333 15166.6667
2546 56533.3333 15200.0000
2547 56533.3333 15333.3333
2548 56533.3333 15350.0000
2549 56533.3333 15383.3333
2550 56533.3333 15433.3333
2551 56533.3333 15450.0000
2552 56533.3333 15466.6667
2553 56533.3333 15583.3333
2554 56533.3333 15616.6667
2555 56533.3333 15650.0000
2556 56533.3333 15683.3333
2557 56533.3333 15800.0000
2558 56533.3333 15833.3333
2559 56533.3333 15900.0000
2560 56533.3333 16000.0000
2561 56533.3333 16050.0000
2562 56533.3333 16133.3333
2563 56533.3333 16150.0000
2564 56533.3333 16200.0000
2565 56533.3333 16433.3333
2566 56533.3333 16566.6667
2567 56533.3333 16600.0000
2568 56541.6667 12975.0000
2569 56549.7222 16233.3333
2570 56550.0000 12966.6667
2571 56550.0000 13033.3333
2572 56550.0000 13066.6667
2573 56550.0000 13116.6667
2574 56550.0000 13183.3333
2575 56550.0000 13266.6667
2576 56550.0000 13400.0000
2577 56550.0000 13466.6667
2578 56550.0000 13483.3333
2579 56550.0000 13500.0000
2580 56550.0000 13583.3333
2581 56550.0000 13700.0000
2582 56550.0000 13716.6667
2583 56550.0000 13833.3333
2584 56550.0000 13900.0000
2585 56550.0000 13950.0000
2586 56550.0000 13983.3333
2587 56550.0000 14033.3333
2588 56550.0000 14116.6667
2589 56550.0000 14133.3333
2590 56550.0000 14250.0000
2591 56550.0000 14383.3333
2592 56550.0000 14500.0000
2593 56550.0000 14616.6667
2594 56550.0000 14800.0000
2595 56550.0000 14950.0000
2596 56550.0000 15000.0000
2597 56550.0000 15016.6667
2598 56550.0000 15083.3333
2599 56550.0000 15150.0000
2600 56550.0000 15200.0000
2601 56550.0000 15216.6667
2602 56550.0000 15266.6667
2603 56550.0000 15300.0000
2604 56550.0000 15400.0000
2605 56550.0000 15416.6667
2606 56550.0000 15450.0000
2607 56550.0000 15466.6667
2608 56550.0000 15583.3333
2609 56550.0000 15650.0000
2610 56550.0000 15666.6667
2611 56550.0000 15700.0000
2612 56550.0000 15800.0000
2613 56550.0000 15966.6667
2614 56550.0000 16100.0000
2615 56550.0000 16116.6667
2616 56550.0000 16166.6667
2617 56550.0000 16183.3333
2618 56550.0000 16408.3333
2619 56550.0000 16416.6667
2620 56550.0000 16433.3333
2621 56566.6667 12983.3333
2622 56566.6667 13016.6667
2623 56566.6667 13083.3333
2624 56566.6667 13133.3333
2625 56566.6667 13266.6667
2626 56566.6667 13300.0000
2627 56566.6667 13316.6667
2628 56566.6667 13366.6667
2629 56566.6667 13416.6667
2630 56566.6667 13500.0000
2631 56566.6667 13550.0000
2632 56566.6667 13650.0000
2633 56566.6667 13683.3333
2634 56566.6667 13700.0000
2635 56566.6667 13766.6667
2636 56566.6667 13816.6667
2637 56566.6667 13833.3333
2638 56566.6667 13850.0000
2639 56566.6667 13883.3333
2640 56566.6667 13916.6667
2641 56566.6667 13966.6667
2642 56566.6667 14000.0000
2643 56566.6667 14116.6667
2644 56566.6667 14183.3333
2645 56566.6667 14216.6667
2646 56566.6667 14266.6667
2647 56566.6667 14350.0000
2648 56566.6667 14466.6667
2649 56566.6667 14733.3333
2650 56566.6667 14783.3333
2651 56566.6667 14833.3333
2652 56566.6667 14850.0000
2653 56566.6667 14933.3333
2654 56566.6667 15000.0000
2655 56566.6667 15016.6667
2656 56566.6667 15033.3333
2657 56566.6667 15066.6667
2658 56566.6667 15083.3333
2659 56566.6667 15116.6667
2660 56566.6667 15133.3333
2661 56566.6667 15150.0000
2662 56566.6667 15183.3333
2663 56566.6667 15366.6667
2664 56566.6667 15416.6667
2665 56566.6667 15433.3333
2666 56566.6667 15450.0000
2667 56566.6667 15466.6667
2668 56566.6667 15550.0000
2669 56566.6667 15583.3333
2670 56566.6667 15600.0000
2671 56566.6667 15633.3333
2672 56566.6667 15650.0000
2673 56566.6667 15750.0000
2674 56566.6667 15916.6667
2675 56566.6667 15966.6667
2676 56566.6667 16066.6667
2677 56566.6667 16083.3333
2678 56566.6667 16116.6667
2679 56566.6667 16150.0000
2680 56566.6667 16183.0556
2681 56566.6667 16216.6667
2682 56566.6667 16400.0000
2683 56566.6667 16416.6667
2684 56566.6667 16566.6667
2685 56566.6667 16616.6667
2686 56583.3333 12958.3333
2687 56583.3333 13100.0000
2688 56583.3333 13116.6667
2689 56583.3333 13150.0000
2690 56583.3333 13233.3333
2691 56583.3333 13250.0000
2692 56583.3333 13300.0000
2693 56583.3333 13316.6667
2694 56583.3333 13383.3333
2695 56583.3333 13450.0000
2696 56583.3333 13466.6667
2697 56583.3333 13483.3333
2698 56583.3333 13500.0000
2699 56583.3333 13533.3333
2700 56583.3333 13566.6667
2701 56583.3333 13600.0000
2702 56583.3333 13616.6667
2703 56583.3333 13650.0000
2704 56583.3333 13666.6667
2705 56583.3333 13733.3333
2706 56583.3333 13783.3333
2707 56583.3333 13816.6667
2708 56583.3333 13833.3333
2709 56583.3333 13866.6667
2710 56583.3333 13883.3333
2711 56583.3333 13966.6667
2712 56583.3333 14016.6667
2713 56583.3333 14116.6667
2714 56583.3333 14150.0000
2715 56583.3333 14266.6667
2716 56583.3333 14300.0000
2717 56583.3333 14316.6667
2718 56583.3333 14350.0000
2719 56583.3333 14383.3333
2720 56583.3333 14500.0000
2721 56583.3333 14600.0000
2722 56583.3333 14616.6667
2723 56583.3333 14633.3333
2724 56583.3333 14750.0000
2725 56583.3333 14766.6667
2726 56583.3333 14933.3333
2727 56583.3333 14950.0000
2728 56583.3333 15033.3333
2729 56583.3333 15050.0000
2730 56583.3333 15066.6667
2731 56583.3333 15150.0000
2732 56583.3333 15166.6667
2733 56583.3333 15200.0000
2734 56583.3333 15250.0000
2735 56583.3333 15266.6667
2736 56583.3333 15316.6667
2737 56583.3333 15333.3333
2738 56583.3333 15350.0000
2739 56583.3333 15400.0000
2740 56583.3333 15416.6667
2741 56583.3333 15433.3333
2742 56583.3333 15483.3333
2743 56583.3333 15500.0000
2744 56583.3333 15566.6667
2745 56583.3333 15583.3333
2746 56583.3333 15600.0000
2747 56583.3333 15616.6667
2748 56583.3333 15633.3333
2749 56583.3333 15666.6667
2750 56583.3333 15716.6667
2751 56583.3333 15833.3333
2752 56583.3333 15866.6667
2753 56583.3333 16100.0000
2754 56583.3333 16216.6667
2755 56583.3333 16416.6667
2756 56583.3333 16450.0000
2757 56583.3333 16466.6667
2758 56583.3333 16616.6667
2759 56583.3333 16650.0000
2760 56583.3333 16666.6667
2761 56591.6667 12950.0000
2762 56591.6667 16200.0000
2763 56600.0000 12916.6667
2764 56600.0000 12933.3333
2765 56600.0000 13000.0000
2766 56600.0000 13216.6667
2767 56600.0000 13250.0000
2768 56600.0000 13316.6667
2769 56600.0000 13416.6667
2770 56600.0000 13516.6667
2771 56600.0000 13583.3333
2772 56600.0000 13616.6667
2773 56600.0000 13800.0000
2774 56600.0000 13916.6667
2775 56600.0000 13933.3333
2776 56600.0000 13950.0000
2777 56600.0000 13983.3333
2778 56600.0000 14050.0000
2779 56600.0000 14066.6667
2780 56600.0000 14166.6667
2781 56600.0000 14216.6667
2782 56600.0000 14283.3333
2783 56600.0000 14333.3333
2784 56600.0000 14350.0000
2785 56600.0000 14450.0000
2786 56600.0000 14516.6667
2787 56600.0000 14550.0000
2788 56600.0000 14883.3333
2789 56600.0000 14966.6667
2790 56600.0000 15000.0000
2791 56600.0000 15033.3333
2792 56600.0000 15066.6667
2793 56600.0000 15083.3333
2794 56600.0000 15100.0000
2795 56600.0000 15133.3333
2796 56600.0000 15166.6667
2797 56600.0000 15200.0000
2798 56600.0000 15233.3333
2799 56600.0000 15266.6667
2800 56600.0000 15283.3333
2801 56600.0000 15366.6667
2802 56600.0000 15400.0000
2803 56600.0000 15416.6667
2804 56600.0000 15500.0000
2805 56600.0000 15516.6667
2806 56600.0000 15566.6667
2807 56600.0000 15583.3333
2808 56600.0000 15616.6667
2809 56600.0000 15800.0000
2810 56600.0000 15833.3333
2811 56600.0000 15850.0000
2812 56600.0000 15966.6667
2813 56600.0000 16100.0000
2814 56600.0000 16133.3333
2815 56600.0000 16166.6667
2816 56600.0000 16200.0000
2817 56600.0000 16233.3333
2818 56600.0000 16466.6667
2819 56600.0000 16600.0000
2820 56600.0000 16616.6667
2821 56600.0000 16633.3333
2822 56600.0000 16666.6667
2823 56616.6667 12933.3333
2824 56616.6667 12983.3333
2825 56616.6667 13000.0000
2826 56616.6667 13050.0000
2827 56616.6667 13216.6667
2828 56616.6667 13250.0000
2829 56616.6667 13366.6667
2830 56616.6667 13466.6667
2831 56616.6667 13483.3333
2832 56616.6667 13566.6667
2833 56616.6667 13600.0000
2834 56616.6667 13633.3333
2835 56616.6667 13683.3333
2836 56616.6667 13766.6667
2837 56616.6667 13816.6667
2838 56616.6667 13833.3333
2839 56616.6667 13916.6667
2840 56616.6667 14016.6667
2841 56616.6667 14166.6667
2842 56616.6667 14183.3333
2843 56616.6667 14200.0000
2844 56616.6667 14266.6667
2845 56616.6667 14300.0000
2846 56616.6667 14333.3333
2847 56616.6667 14350.0000
2848 56616.6667 14383.3333
2849 56616.6667 14400.0000
2850 56616.6667 14600.0000
2851 56616.6667 15016.6667
2852 56616.6667 15033.3333
2853 56616.6667 15050.0000
2854 56616.6667 15133.3333
2855 56616.6667 15150.0000
2856 56616.6667 15200.0000
2857 56616.6667 15216.6667
2858 56616.6667 15283.3333
2859 56616.6667 15316.6667
2860 56616.6667 15366.6667
2861 56616.6667 15400.0000
2862 56616.6667 15416.6667
2863 56616.6667 15433.3333
2864 56616.6667 15483.3333
2865 56616.6667 15516.6667
2866 56616.6667 15533.3333
2867 56616.6667 15566.6667
2868 56616.6667 15583.3333
2869 56616.6667 15633.3333
2870 56616.6667 15666.6667
2871 56616.6667 15783.3333
2872 56616.6667 15816.6667
2873 56616.6667 15833.3333
2874 56616.6667 16033.3333
2875 56616.6667 16100.0000
2876 56616.6667 16466.6667
2877 56616.6667 16483.3333
2878 56616.6667 16516.6667
2879 56616.6667 16550.0000
2880 56616.6667 16600.0000
2881 56616.6667 16650.0000
2882 56616.6667 16666.6667
2883 56633.0556 16166.6667
2884 56633.3333 12900.0000
2885 56633.3333 12916.6667
2886 56633.3333 13033.3333
2887 56633.3333 13066.6667
2888 56633.3333 13166.6667
2889 56633.3333 13200.0000
2890 56633.3333 13266.6667
2891 56633.3333 13383.3333
2892 56633.3333 13416.6667
2893 56633.3333 13433.3333
2894 56633.3333 13466.6667
2895 56633.3333 13683.3333
2896 56633.3333 13716.6667
2897 56633.3333 13800.0000
2898 56633.3333 14016.6667
2899 56633.3333 14216.6667
2900 56633.3333 14250.0000
2901 56633.3333 14283.3333
2902 56633.3333 14316.6667
2903 56633.3333 14333.3333
2904 56633.3333 14400.0000
2905 56633.3333 14483.3333
2906 56633.3333 14533.3333
2907 56633.3333 14916.6667
2908 56633.3333 14933.3333
2909 56633.3333 15016.6667
2910 56633.3333 15050.0000
2911 56633.3333 15116.6667
2912 56633.3333 15233.3333
2913 56633.3333 15316.6667
2914 56633.3333 15350.0000
2915 56633.3333 15383.3333
2916 56633.3333 15450.0000
2917 56633.3333 15466.6667
2918 56633.3333 15533.3333
2919 56633.3333 15550.0000
2920 56633.3333 15600.0000
2921 56633.3333 15616.6667
2922 56633.3333 15633.3333
2923 56633.3333 15716.6667
2924 56633.3333 15783.3333
2925 56633.3333 15800.0000
2926 56633.3333 15966.6667
2927 56633.3333 15983.3333
2928 56633.3333 16166.6667
2929 56633.3333 16216.6667
2930 56633.3333 16266.6667
2931 56633.3333 16483.3333
2932 56633.3333 16500.0000
2933 56633.3333 16550.0000
2934 56633.3333 16650.0000
2935 56641.6667 12900.0000
2936 56649.7222 16266.6667
2937 56649.7222 16466.6667
2938 56650.0000 12733.3333
2939 56650.0000 12791.6667
2940 56650.0000 12800.0000
2941 56650.0000 12916.6667
2942 56650.0000 12933.3333
2943 56650.0000 13050.0000
2944 56650.0000 13150.0000
2945 56650.0000 13266.6667
2946 56650.0000 13333.3333
2947 56650.0000 13416.6667
2948 56650.0000 13533.3333
2949 56650.0000 13566.6667
2950 56650.0000 13583.3333
2951 56650.0000 13683.3333
2952 56650.0000 13733.3333
2953 56650.0000 13833.3333
2954 56650.0000 13850.0000
2955 56650.0000 14016.6667
2956 56650.0000 14033.3333
2957 56650.0000 14066.6667
2958 56650.0000 14083.3333
2959 56650.0000 14183.3333
2960 56650.0000 14233.3333
2961 56650.0000 14250.0000
2962 56650.0000 14350.0000
2963 56650.0000 14366.6667
2964 56650.0000 14500.0000
2965 56650.0000 14516.6667
2966 56650.0000 14566.6667
2967 56650.0000 14650.0000
2968 56650.0000 15066.6667
2969 56650.0000 15116.6667
2970 56650.0000 15150.0000
2971 56650.0000 15166.6667
2972 56650.0000 15216.6667
2973 56650.0000 15283.3333
2974 56650.0000 15300.0000
2975 56650.0000 15316.6667
2976 56650.0000 15333.3333
2977 56650.0000 15350.0000
2978 56650.0000 15366.6667
2979 56650.0000 15433.3333
2980 56650.0000 15500.0000
2981 56650.0000 15583.3333
2982 56650.0000 15616.6667
2983 56650.0000 15666.6667
2984 56650.0000 15716.6667
2985 56650.0000 15733.3333
2986 56650.0000 15766.6667
2987 56650.0000 15783.3333
2988 56650.0000 15850.0000
2989 56650.0000 15866.6667
2990 56650.0000 15883.3333
2991 56650.0000 15916.6667
2992 56650.0000 16000.0000
2993 56650.0000 16016.6667
2994 56650.0000 16150.0000
2995 56650.0000 16183.3333
2996 56650.0000 16216.6667
2997 56650.0000 16333.3333
2998 56650.0000 16466.6667
2999 56650.0000 16500.0000
3000 56650.0000 16533.3333
3001 56650.0000 16633.3333
3002 56650.0000 16650.0000
3003 56650.0000 16666.6667
3004 56666.6667 12766.6667
3005 56666.6667 12800.0000
3006 56666.6667 12883.3333
3007 56666.6667 12900.0000
3008 56666.6667 12916.6667
3009 56666.6667 12950.0000
3010 56666.6667 13000.0000
3011 56666.6667 13116.6667
3012 56666.6667 13200.0000
3013 56666.6667 13283.3333
3014 56666.6667 13416.6667
3015 56666.6667 13483.3333
3016 56666.6667 13550.0000
3017 56666.6667 13633.3333
3018 56666.6667 13666.6667
3019 56666.6667 13700.0000
3020 56666.6667 13766.6667
3021 56666.6667 13816.6667
3022 56666.6667 13883.3333
3023 56666.6667 13916.6667
3024 56666.6667 14033.3333
3025 56666.6667 14050.0000
3026 56666.6667 14266.6667
3027 56666.6667 14383.3333
3028 56666.6667 14416.6667
3029 56666.6667 14833.3333
3030 56666.6667 14883.3333
3031 56666.6667 14933.3333
3032 56666.6667 14983.3333
3033 56666.6667 15100.0000
3034 56666.6667 15116.6667
3035 56666.6667 15183.3333
3036 56666.6667 15216.6667
3037 56666.6667 15250.0000
3038 56666.6667 15266.6667
3039 56666.6667 15383.3333
3040 56666.6667 15450.0000
3041 56666.6667 15500.0000
3042 56666.6667 15533.3333
3043 56666.6667 15583.3333
3044 56666.6667 15683.3333
3045 56666.6667 15700.0000
3046 56666.6667 15716.6667
3047 56666.6667 15783.3333
3048 56666.6667 15800.0000
3049 56666.6667 15833.3333
3050 56666.6667 15916.6667
3051 56666.6667 16216.6667
3052 56666.6667 16366.6667
3053 56666.6667 16483.3333
3054 56666.6667 16533.3333
3055 56666.6667 16550.0000
3056 56666.6667 16600.0000
3057 56666.6667 16633.3333
3058 56666.6667 16666.6667
3059 56666.6667 16683.3333
3060 56671.3889 12855.5556
3061 56675.0000 12925.0000
3062 56683.3333 12683.3333
3063 56683.3333 12700.0000
3064 56683.3333 12708.3333
3065 56683.3333 12716.6667
3066 56683.3333 12733.3333
3067 56683.3333 12750.0000
3068 56683.3333 12766.6667
3069 56683.3333 12833.3333
3070 56683.3333 12850.0000
3071 56683.3333 12883.3333
3072 56683.3333 12966.6667
3073 56683.3333 13016.6667
3074 56683.3333 13350.0000
3075 56683.3333 13366.6667
3076 56683.3333 13466.6667
3077 56683.3333 13533.3333
3078 56683.3333 13583.3333
3079 56683.3333 13683.3333
3080 56683.3333 13733.3333
3081 56683.3333 13800.0000
3082 56683.3333 13883.3333
3083 56683.3333 13916.6667
3084 56683.3333 14216.6667
3085 56683.3333 14383.3333
3086 56683.3333 14433.3333
3087 56683.3333 14450.0000
3088 56683.3333 14483.3333
3089 56683.3333 14600.0000
3090 56683.3333 14866.6667
3091 56683.3333 15033.3333
3092 56683.3333 15050.0000
3093 56683.3333 15066.6667
3094 56683.3333 15083.3333
3095 56683.3333 15100.0000
3096 56683.3333 15133.3333
3097 56683.3333 15183.3333
3098 56683.3333 15200.0000
3099 56683.3333 15216.6667
3100 56683.3333 15233.3333
3101 56683.3333 15283.3333
3102 56683.3333 15300.0000
3103 56683.3333 15316.6667
3104 56683.3333 15333.3333
3105 56683.3333 15366.6667
3106 56683.3333 15383.3333
3107 56683.3333 15450.0000
3108 56683.3333 15466.6667
3109 56683.3333 15500.0000
3110 56683.3333 15516.6667
3111 56683.3333 15550.0000
3112 56683.3333 15583.3333
3113 56683.3333 15600.0000
3114 56683.3333 15650.0000
3115 56683.3333 15666.6667
3116 56683.3333 15716.6667
3117 56683.3333 15733.3333
3118 56683.3333 15783.3333
3119 56683.3333 15833.3333
3120 56683.3333 15850.0000
3121 56683.3333 15866.6667
3122 56683.3333 15950.0000
3123 56683.3333 15966.6667
3124 56683.3333 16000.0000
3125 56683.3333 16016.6667
3126 56683.3333 16050.0000
3127 56683.3333 16133.3333
3128 56683.3333 16150.0000
3129 56683.3333 16200.0000
3130 56683.3333 16250.0000
3131 56683.3333 16333.3333
3132 56683.3333 16350.0000
3133 56683.3333 16483.3333
3134 56683.3333 16516.6667
3135 56683.3333 16550.0000
3136 56683.3333 16583.3333
3137 56683.3333 16650.0000
3138 56683.3333 16683.3333
3139 56700.0000 12683.3333
3140 56700.0000 12700.0000
3141 56700.0000 12733.3333
3142 56700.0000 12766.6667
3143 56700.0000 12783.3333
3144 56700.0000 12866.6667
3145 56700.0000 12900.0000
3146 56700.0000 12916.6667
3147 56700.0000 12950.0000
3148 56700.0000 12966.6667
3149 56700.0000 13016.6667
3150 56700.0000 13066.6667
3151 56700.0000 13150.0000
3152 56700.0000 13216.6667
3153 56700.0000 13333.3333
3154 56700.0000 13433.3333
3155 56700.0000 13466.6667
3156 56700.0000 13500.0000
3157 56700.0000 13533.3333
3158 56700.0000 13583.3333
3159 56700.0000 13600.0000
3160 56700.0000 13616.6667
3161 56700.0000 13650.0000
3162 56700.0000 13666.6667
3163 56700.0000 13700.0000
3164 56700.0000 13750.0000
3165 56700.0000 13766.6667
3166 56700.0000 13800.0000
3167 56700.0000 13850.0000
3168 56700.0000 14066.6667
3169 56700.0000 14233.3333
3170 56700.0000 14333.3333
3171 56700.0000 14350.0000
3172 56700.0000 14500.0000
3173 56700.0000 14533.3333
3174 56700.0000 14566.6667
3175 56700.0000 14600.0000
3176 56700.0000 14633.3333
3177 56700.0000 14833.3333
3178 56700.0000 14866.6667
3179 56700.0000 14916.6667
3180 56700.0000 15016.6667
3181 56700.0000 15033.3333
3182 56700.0000 15083.3333
3183 56700.0000 15183.3333
3184 56700.0000 15233.3333
3185 56700.0000 15300.0000
3186 56700.0000 15350.0000
3187 56700.0000 15416.6667
3188 56700.0000 15466.6667
3189 56700.0000 15483.3333
3190 56700.0000 15516.6667
3191 56700.0000 15533.3333
3192 56700.0000 15550.0000
3193 56700.0000 15566.6667
3194 56700.0000 15666.6667
3195 56700.0000 15716.6667
3196 56700.0000 15733.3333
3197 56700.0000 15750.0000
3198 56700.0000 15816.6667
3199 56700.0000 15833.3333
3200 56700.0000 15883.3333
3201 56700.0000 15983.3333
3202 56700.0000 16000.0000
3203 56700.0000 16116.6667
3204 56700.0000 16133.3333
3205 56700.0000 16266.6667
3206 56700.0000 16300.0000
3207 56700.0000 16316.6667
3208 56700.0000 16500.0000
3209 56700.0000 16566.6667
3210 56700.0000 16666.6667
3211 56700.0000 16683.3333
3212 56716.6667 12650.0000
3213 56716.6667 12700.0000
3214 56716.6667 12833.3333
3215 56716.6667 12916.6667
3216 56716.6667 13116.6667
3217 56716.6667 13166.6667
3218 56716.6667 13233.3333
3219 56716.6667 13300.0000
3220 56716.6667 13366.6667
3221 56716.6667 13433.3333
3222 56716.6667 13450.0000
3223 56716.6667 13466.6667
3224 56716.6667 13583.3333
3225 56716.6667 13600.0000
3226 56716.6667 13916.6667
3227 56716.6667 13933.3333
3228 56716.6667 14100.0000
3229 56716.6667 14166.6667
3230 56716.6667 14200.0000
3231 56716.6667 14333.3333
3232 56716.6667 14416.6667
3233 56716.6667 14500.0000
3234 56716.6667 14516.6667
3235 56716.6667 14550.0000
3236 56716.6667 14583.3333
3237 56716.6667 14666.6667
3238 56716.6667 14683.3333
3239 56716.6667 14700.0000
3240 56716.6667 14716.6667
3241 56716.6667 14933.3333
3242 56716.6667 15050.0000
3243 56716.6667 15183.3333
3244 56716.6667 15333.3333
3245 56716.6667 15350.0000
3246 56716.6667 15450.0000
3247 56716.6667 15466.6667
3248 56716.6667 15483.3333
3249 56716.6667 15500.0000
3250 56716.6667 15516.6667
3251 56716.6667 15616.6667
3252 56716.6667 15683.3333
3253 56716.6667 15716.6667
3254 56716.6667 15733.3333
3255 56716.6667 15766.6667
3256 56716.6667 15800.0000
3257 56716.6667 15816.6667
3258 56716.6667 15866.6667
3259 56716.6667 15900.0000
3260 56716.6667 15983.3333
3261 56716.6667 16033.3333
3262 56716.6667 16100.0000
3263 56716.6667 16133.3333
3264 56716.6667 16300.0000
3265 56716.6667 16350.0000
3266 56716.6667 16516.6667
3267 56716.6667 16533.3333
3268 56716.6667 16550.0000
3269 56716.6667 16566.6667
3270 56716.6667 16583.3333
3271 56716.6667 16666.6667
3272 56716.6667 16700.0000
3273 56716.6667 16716.6667
3274 56722.2222 12671.9444
3275 56733.3333 12633.3333
3276 56733.3333 12850.0000
3277 56733.3333 12900.0000
3278 56733.3333 12916.6667
3279 56733.3333 13050.0000
3280 56733.3333 13116.6667
3281 56733.3333 13166.6667
3282 56733.3333 13433.3333
3283 56733.3333 13466.6667
3284 56733.3333 13583.3333
3285 56733.3333 13633.3333
3286 56733.3333 13683.3333
3287 56733.3333 13850.0000
3288 56733.3333 13866.6667
3289 56733.3333 13983.3333
3290 56733.3333 14366.6667
3291 56733.3333 14466.6667
3292 56733.3333 14500.0000
3293 56733.3333 14533.3333
3294 56733.3333 14700.0000
3295 56733.3333 14716.6667
3296 56733.3333 14816.6667
3297 56733.3333 14916.6667
3298 56733.3333 15000.0000
3299 56733.3333 15216.6667
3300 56733.3333 15266.6667
3301 56733.3333 15350.0000
3302 56733.3333 15433.3333
3303 56733.3333 15466.6667
3304 56733.3333 15516.6667
3305 56733.3333 15666.6667
3306 56733.3333 15716.6667
3307 56733.3333 15733.3333
3308 56733.3333 15750.0000
3309 56733.3333 15766.6667
3310 56733.3333 15783.3333
3311 56733.3333 15816.6667
3312 56733.3333 15850.0000
3313 56733.3333 15883.3333
3314 56733.3333 15916.6667
3315 56733.3333 15950.0000
3316 56733.3333 15966.6667
3317 56733.3333 16033.3333
3318 56733.3333 16050.0000
3319 56733.3333 16116.6667
3320 56733.3333 16133.3333
3321 56733.3333 16150.0000
3322 56733.3333 16266.6667
3323 56733.3333 16283.3333
3324 56733.3333 16300.0000
3325 56733.3333 16516.6667
3326 56733.3333 16533.3333
3327 56733.3333 16583.3333
3328 56750.0000 12633.3333
3329 56750.0000 12650.0000
3330 56750.0000 12716.6667
3331 56750.0000 12733.3333
3332 56750.0000 12766.6667
3333 56750.0000 12833.3333
3334 56750.0000 12933.3333
3335 56750.0000 12950.0000
3336 56750.0000 12983.3333
3337 56750.0000 13000.0000
3338 56750.0000 13100.0000
3339 56750.0000 13116.6667
3340 56750.0000 13166.6667
3341 56750.0000 13266.6667
3342 56750.0000 13283.3333
3343 56750.0000 13350.0000
3344 56750.0000 13383.3333
3345 56750.0000 13466.6667
3346 56750.0000 13500.0000
3347 56750.0000 13516.6667
3348 56750.0000 13633.3333
3349 56750.0000 13933.3333
3350 56750.0000 13966.6667
3351 56750.0000 14000.0000
3352 56750.0000 14150.0000
3353 56750.0000 14166.6667
3354 56750.0000 14200.0000
3355 56750.0000 14250.0000
3356 56750.0000 14316.6667
3357 56750.0000 14383.3333
3358 56750.0000 14416.6667
3359 56750.0000 14516.6667
3360 56750.0000 14566.6667
3361 56750.0000 14616.6667
3362 56750.0000 14666.6667
3363 56750.0000 14700.0000
3364 56750.0000 14733.3333
3365 56750.0000 14750.0000
3366 56750.0000 14916.6667
3367 56750.0000 14983.3333
3368 56750.0000 15000.0000
3369 56750.0000 15033.3333
3370 56750.0000 15166.6667
3371 56750.0000 15266.6667
3372 56750.0000 15483.3333
3373 56750.0000 15683.3333
3374 56750.0000 15733.3333
3375 56750.0000 15783.3333
3376 56750.0000 15850.0000
3377 56750.0000 15883.3333
3378 56750.0000 15900.0000
3379 56750.0000 15933.3333
3380 56750.0000 15950.0000
3381 56750.0000 15966.6667
3382 56750.0000 16000.0000
3383 56750.0000 16100.0000
3384 56750.0000 16200.0000
3385 56750.0000 16216.6667
3386 56750.0000 16233.3333
3387 56750.0000 16266.6667
3388 56750.0000 16300.0000
3389 56750.0000 16516.6667
3390 56750.0000 16566.6667
3391 56750.0000 16650.0000
3392 56750.0000 16666.6667
3393 56750.0000 16700.0000
3394 56750.0000 16716.6667
3395 56766.6667 12616.6667
3396 56766.6667 12633.3333
3397 56766.6667 12650.0000
3398 56766.6667 12666.6667
3399 56766.6667 12683.3333
3400 56766.6667 12800.0000
3401 56766.6667 12916.6667
3402 56766.6667 12950.0000
3403 56766.6667 12983.3333
3404 56766.6667 13116.6667
3405 56766.6667 13150.0000
3406 56766.6667 13200.0000
3407 56766.6667 13266.6667
3408 56766.6667 13466.6667
3409 56766.6667 13500.0000
3410 56766.6667 13533.3333
3411 56766.6667 13566.6667
3412 56766.6667 13666.6667
3413 56766.6667 13716.6667
3414 56766.6667 13816.6667
3415 56766.6667 13983.3333
3416 56766.6667 14116.6667
3417 56766.6667 14166.6667
3418 56766.6667 14233.3333
3419 56766.6667 14316.6667
3420 56766.6667 14333.3333
3421 56766.6667 14400.0000
3422 56766.6667 14416.6667
3423 56766.6667 14433.3333
3424 56766.6667 14450.0000
3425 56766.6667 14466.6667
3426 56766.6667 14483.3333
3427 56766.6667 14550.0000
3428 56766.6667 14600.0000
3429 56766.6667 14816.6667
3430 56766.6667 14866.6667
3431 56766.6667 14916.6667
3432 56766.6667 14950.0000
3433 56766.6667 15150.0000
3434 56766.6667 15416.6667
3435 56766.6667 15533.3333
3436 56766.6667 15566.6667
3437 56766.6667 15650.0000
3438 56766.6667 15733.3333
3439 56766.6667 15766.6667
3440 56766.6667 15783.3333
3441 56766.6667 15866.6667
3442 56766.6667 15900.0000
3443 56766.6667 15950.0000
3444 56766.6667 15983.3333
3445 56766.6667 16050.0000
3446 56766.6667 16216.6667
3447 56766.6667 16233.3333
3448 56766.6667 16250.0000
3449 56766.6667 16266.6667
3450 56766.6667 16433.0556
3451 56766.6667 16450.0000
3452 56766.6667 16550.0000
3453 56766.6667 16583.3333
3454 56766.6667 16650.0000
3455 56766.6667 16733.3333
3456 56775.0000 16408.3333
3457 56783.3333 12616.6667
3458 56783.3333 12650.0000
3459 56783.3333 12666.6667
3460 56783.3333 12683.3333
3461 56783.3333 12716.6667
3462 56783.3333 12733.3333
3463 56783.3333 12800.0000
3464 56783.3333 12833.3333
3465 56783.3333 12983.3333
3466 56783.3333 13000.0000
3467 56783.3333 13016.6667
3468 56783.3333 13050.0000
3469 56783.3333 13183.3333
3470 56783.3333 13266.6667
3471 56783.3333 13300.0000
3472 56783.3333 13350.0000
3473 56783.3333 13383.3333
3474 56783.3333 13533.3333
3475 56783.3333 13566.6667
3476 56783.3333 13683.3333
3477 56783.3333 13800.0000
3478 56783.3333 13833.3333
3479 56783.3333 13900.0000
3480 56783.3333 14016.6667
3481 56783.3333 14083.3333
3482 56783.3333 14100.0000
3483 56783.3333 14316.6667
3484 56783.3333 14416.6667
3485 56783.3333 14450.0000
3486 56783.3333 14683.3333
3487 56783.3333 14716.6667
3488 56783.3333 14733.3333
3489 56783.3333 15000.0000
3490 56783.3333 15133.